[49m     [38;2;190;200;210;49m▄[38;2;191;199;213;49m▄▄▄▄▄▄▄▄▄▄▄▄▄▄▄▄▄▄▄▄▄▄▄▄▄▄▄▄▄▄▄▄▄▄▄▄▄▄▄▄▄▄▄▄▄▄▄▄▄▄▄▄▄▄▄▄▄▄▄▄▄▄▄▄▄▄▄▄▄▄▄▄▄▄▄▄▄▄▄▄▄▄▄▄▄▄▄▄[38;2;190;200;210;49m▄[49m     [m
[49m  [38;2;196;196;216;49m▄[38;2;191;199;213;48;2;184;198;213m▄▄[38;2;210;216;225;48;2;193;202;216m▄[38;2;253;253;253;48;2;195;203;216m▄▄▄▄▄▄▄▄▄▄▄▄▄▄▄▄▄▄▄▄▄▄▄▄▄▄▄▄▄▄▄▄▄▄▄▄▄▄▄▄▄▄▄▄▄▄▄▄▄▄▄▄▄▄▄▄▄▄▄▄▄▄▄▄▄▄▄▄▄▄▄▄▄▄▄▄▄▄▄▄▄▄▄▄▄▄▄▄[38;2;210;216;225;48;2;193;202;216m▄[38;2;191;199;213;48;2;184;198;213m▄▄[38;2;196;196;216;49m▄[49m  [m
[49m [38;2;192;197;210;49m▄[38;2;193;201;214;48;2;196;196;216m▄[38;2;213;218;227;48;2;191;199;213m▄[38;2;249;249;250;48;2;242;244;246m▄[38;2;253;253;253;48;2;250;250;251m▄[48;2;253;253;253m                                                                                        [38;2;253;253;253;48;2;250;250;251m▄[38;2;249;249;250;48;2;242;244;246m▄[38;2;213;218;227;48;2;191;199;213m▄[38;2;193;201;214;48;2;196;196;216m▄[38;2;192;197;210;49m▄[49m [m
[49m [48;2;191;199;214m [48;2;194;202;215m [48;2;253;253;253m                                                                                              [48;2;194;202;215m [48;2;191;199;214m [49m [m
[49m [48;2;191;199;214m [48;2;194;202;215m [48;2;253;253;253m         [38;2;250;250;250;48;2;253;253;253m▄[38;2;241;242;242;48;2;253;253;253m▄▄▄▄▄[38;2;250;251;251;48;2;253;253;253m▄[48;2;253;253;253m                                                                              [48;2;194;202;215m [48;2;191;199;214m [49m [m
[49m [48;2;191;199;214m [48;2;194;202;215m [48;2;253;253;253m        [38;2;119;134;138;48;2;253;253;253m▄[38;2;88;107;111;48;2;209;214;215m▄[48;2;79;99;103m     [48;2;213;217;218m [48;2;253;253;253m                                                                              [48;2;194;202;215m [48;2;191;199;214m [49m [m
[49m [48;2;191;199;214m [48;2;194;202;215m [48;2;253;253;253m        [38;2;253;253;253;48;2;160;171;173m▄[38;2;253;253;253;48;2;141;154;156m▄▄[48;2;79;99;103m   [38;2;253;253;253;48;2;141;154;156m▄[38;2;253;253;253;48;2;227;230;231m▄[48;2;253;253;253m                                                                              [48;2;194;202;215m [48;2;191;199;214m [49m [m
[49m [48;2;191;199;214m [48;2;194;202;215m [48;2;253;253;253m           [48;2;79;99;103m   [48;2;253;253;253m                                                                                [48;2;194;202;215m [48;2;191;199;214m [49m [m
[49m [48;2;191;199;214m [48;2;194;202;215m [48;2;253;253;253m     [38;2;154;165;167;48;2;246;247;247m▄[38;2;79;99;103;48;2;241;242;242m▄▄[38;2;223;226;227;48;2;251;251;251m▄[48;2;253;253;253m  [48;2;79;99;103m   [48;2;253;253;253m                                                                                [48;2;194;202;215m [48;2;191;199;214m [49m [m
[49m [48;2;191;199;214m [48;2;194;202;215m [48;2;253;253;253m     [38;2;189;196;198;48;2;154;165;167m▄[38;2;141;154;156;48;2;79;99;103m▄[48;2;79;99;103m [38;2;79;99;103;48;2;89;108;112m▄[38;2;107;124;127;48;2;132;146;149m▄[38;2;191;198;200;48;2;253;253;253m▄[48;2;79;99;103m [38;2;111;127;130;48;2;79;99;103m▄[38;2;141;154;156;48;2;79;99;103m▄[48;2;253;253;253m                                                                                [48;2;194;202;215m [48;2;191;199;214m [49m [m
[49m [48;2;191;199;214m [48;2;194;202;215m [48;2;253;253;253m       [38;2;253;253;253;48;2;79;99;103m▄▄▄▄▄[38;2;253;253;253;48;2;168;178;180m▄[48;2;253;253;253m                                    [38;2;79;99;103;48;2;253;253;253m▄▄▄▄▄▄▄[38;2;251;251;251;48;2;253;253;253m▄[48;2;253;253;253m                                     [48;2;194;202;215m [48;2;191;199;214m [49m [m
[49m [48;2;191;199;214m [48;2;194;202;215m [48;2;253;253;253m       [38;2;241;242;242;48;2;253;253;253m▄[38;2;107;124;127;48;2;160;171;173m▄[38;2;82;102;106;48;2;141;154;156m▄[38;2;91;110;113;48;2;141;154;156m▄[38;2;79;99;103;48;2;141;154;156m▄[38;2;162;172;174;48;2;198;204;206m▄[38;2;241;242;242;48;2;253;253;253m▄[48;2;253;253;253m                               [38;2;241;242;242;48;2;253;253;253m▄[38;2;122;129;131;48;2;165;175;177m▄[38;2;91;99;102;48;2;141;154;156m▄▄[38;2;253;95;85;48;2;191;96;91m▄▄▄▄▄▄▄[38;2;93;99;101;48;2;142;153;156m▄[38;2;153;158;160;48;2;187;195;196m▄[38;2;241;242;242;48;2;253;253;253m▄[48;2;253;253;253m                                   [48;2;194;202;215m [48;2;191;199;214m [49m [m
[49m [48;2;191;199;214m [48;2;194;202;215m [48;2;253;253;253m     [38;2;161;171;173;48;2;253;253;253m▄[38;2;91;110;113;48;2;253;253;253m▄[48;2;79;99;103m [38;2;213;217;218;48;2;79;99;103m▄[38;2;243;245;245;48;2;122;137;140m▄[48;2;253;253;253m [38;2;241;242;242;48;2;79;99;103m▄[38;2;158;169;171;48;2;79;99;103m▄[48;2;79;99;103m [38;2;91;110;113;48;2;253;253;253m▄[38;2;216;220;221;48;2;253;253;253m▄[48;2;253;253;253m                           [38;2;167;177;179;48;2;253;253;253m▄[38;2;91;110;113;48;2;253;253;253m▄[38;2;241;95;86;48;2;79;99;103m▄[38;2;250;95;85;48;2;216;96;89m▄[48;2;253;95;85m          [38;2;248;95;85;48;2;182;97;92m▄[38;2;241;95;86;48;2;79;99;103m▄[38;2;91;110;113;48;2;253;253;253m▄[38;2;200;206;207;48;2;253;253;253m▄[48;2;253;253;253m                                 [48;2;194;202;215m [48;2;191;199;214m [49m [m
[49m [48;2;191;199;214m [48;2;194;202;215m [48;2;253;253;253m     [48;2;154;165;167m [48;2;79;99;103m  [48;2;223;226;227m [48;2;253;253;253m   [48;2;164;174;176m [48;2;79;99;103m  [48;2;213;217;218m [48;2;253;253;253m                          [38;2;79;99;103;48;2;191;198;200m▄[38;2;171;97;93;48;2;164;145;145m▄[38;2;253;95;85;48;2;141;98;97m▄[48;2;253;95;85m         [38;2;227;96;88;48;2;243;95;86m▄[38;2;79;99;103;48;2;191;96;91m▄▄▄▄[48;2;79;99;103m [48;2;196;202;204m [48;2;253;253;253m                                 [48;2;194;202;215m [48;2;191;199;214m [49m [m
[49m [48;2;191;199;214m [48;2;194;202;215m [48;2;253;253;253m     [48;2;154;165;167m [48;2;79;99;103m  [48;2;223;226;227m [48;2;253;253;253m   [48;2;164;174;176m [48;2;79;99;103m  [48;2;213;217;218m [48;2;253;253;253m                        [48;2;206;211;213m [48;2;79;99;103m [48;2;253;95;85m           [48;2;126;98;98m [48;2;105;122;125m [48;2;253;253;253m     [48;2;136;149;152m [48;2;95;113;116m [48;2;253;253;253m                                [48;2;194;202;215m [48;2;191;199;214m [49m [m
[49m [48;2;191;199;214m [48;2;194;202;215m [48;2;253;253;253m     [38;2;253;253;253;48;2;161;171;173m▄[38;2;253;253;253;48;2;91;110;113m▄[48;2;79;99;103m [38;2;79;99;103;48;2;213;217;218m▄[38;2;122;137;140;48;2;244;245;245m▄[48;2;253;253;253m [38;2;79;99;103;48;2;241;242;242m▄[38;2;79;99;103;48;2;158;169;171m▄[48;2;79;99;103m [38;2;253;253;253;48;2;91;110;113m▄[38;2;253;253;253;48;2;216;220;221m▄[48;2;253;253;253m                       [38;2;105;122;125;48;2;243;244;244m▄[38;2;126;98;98;48;2;201;204;205m▄[38;2;253;95;85;48;2;91;99;102m▄[48;2;253;95;85m           [48;2;126;98;98m [48;2;105;122;125m [48;2;253;253;253m     [48;2;136;149;152m [48;2;95;113;116m [48;2;253;253;253m                                [48;2;194;202;215m [48;2;191;199;214m [49m [m
[49m [48;2;191;199;214m [48;2;194;202;215m [48;2;253;253;253m       [38;2;253;253;253;48;2;241;242;242m▄[38;2;160;171;173;48;2;107;124;127m▄[38;2;141;154;156;48;2;82;101;105m▄[38;2;141;154;156;48;2;91;110;113m▄[38;2;141;154;156;48;2;79;99;103m▄[38;2;198;204;206;48;2;162;172;174m▄[38;2;253;253;253;48;2;241;242;242m▄[48;2;253;253;253m                       [38;2;252;252;252;48;2;253;253;253m▄[38;2;191;198;200;48;2;253;253;253m▄[38;2;148;112;112;48;2;105;122;125m▄[38;2;171;97;94;48;2;126;98;98m▄[48;2;253;95;85m            [38;2;171;97;94;48;2;126;98;98m▄[38;2;131;98;98;48;2;81;101;105m▄[38;2;79;99;103;48;2;91;110;113m▄[38;2;190;197;198;48;2;251;251;251m▄[38;2;191;198;200;48;2;253;253;253m▄▄[38;2;141;154;156;48;2;91;110;113m▄[38;2;216;221;221;48;2;192;199;200m▄[38;2;253;253;253;48;2;242;243;244m▄[48;2;253;253;253m                                [48;2;194;202;215m [48;2;191;199;214m [49m [m
[49m [48;2;191;199;214m [48;2;194;202;215m [48;2;253;253;253m     [38;2;154;165;167;48;2;253;253;253m▄[38;2;79;99;103;48;2;253;253;253m▄▄▄▄▄[48;2;253;253;253m [38;2;164;174;176;48;2;253;253;253m▄[38;2;79;99;103;48;2;253;253;253m▄▄▄[38;2;112;128;132;48;2;253;253;253m▄[48;2;253;253;253m                    [48;2;251;251;251m [48;2;79;99;103m [48;2;227;96;88m [48;2;253;95;85m              [48;2;227;96;88m [48;2;79;99;103m [38;2;251;251;251;48;2;79;99;103m▄[38;2;253;253;253;48;2;79;99;103m▄▄[48;2;253;253;253m                                   [48;2;194;202;215m [48;2;191;199;214m [49m [m
[49m [48;2;191;199;214m [48;2;194;202;215m [48;2;253;253;253m     [38;2;253;253;253;48;2;218;222;223m▄[38;2;253;253;253;48;2;191;198;200m▄[48;2;79;99;103m  [38;2;122;137;140;48;2;107;124;127m▄[38;2;253;253;253;48;2;191;198;200m▄[38;2;241;242;242;48;2;253;253;253m▄[38;2;158;169;171;48;2;164;174;176m▄[48;2;79;99;103m [38;2;91;110;113;48;2;79;99;103m▄[38;2;216;220;221;48;2;165;175;177m▄[38;2;253;253;253;48;2;203;208;210m▄[48;2;253;253;253m      [38;2;252;252;252;48;2;253;253;253m▄[38;2;241;242;242;48;2;253;253;253m▄▄[38;2;182;188;185;48;2;209;214;215m▄[38;2;91;103;96;48;2;141;154;156m▄▄▄▄▄▄▄▄[38;2;241;242;242;48;2;253;253;253m▄[38;2;146;158;160;48;2;187;195;196m▄[38;2;81;99;103;48;2;142;153;156m▄[38;2;253;95;85;48;2;191;96;91m▄[38;2;253;95;85;48;2;243;95;86m▄[48;2;253;95;85m              [38;2;253;95;85;48;2;243;95;86m▄[38;2;253;95;85;48;2;191;96;91m▄[38;2;81;99;103;48;2;142;153;156m▄[38;2;146;158;160;48;2;187;195;196m▄[38;2;241;242;242;48;2;253;253;253m▄[38;2;91;103;96;48;2;141;154;156m▄▄▄▄▄▄▄▄[38;2;182;188;185;48;2;209;214;215m▄[38;2;241;242;242;48;2;253;253;253m▄▄[38;2;252;252;252;48;2;253;253;253m▄[48;2;253;253;253m                       [48;2;194;202;215m [48;2;191;199;214m [49m [m
[49m [48;2;191;199;214m [48;2;194;202;215m [48;2;253;253;253m       [48;2;79;99;103m  [38;2;82;101;105;48;2;122;137;140m▄[38;2;91;110;113;48;2;253;253;253m▄[48;2;79;99;103m [38;2;162;172;174;48;2;79;99;103m▄[38;2;241;242;242;48;2;79;99;103m▄[48;2;253;253;253m        [38;2;138;151;154;48;2;253;253;253m▄[38;2;111;116;100;48;2;231;233;234m▄[38;2;241;158;7;48;2;79;99;103m▄▄[38;2;245;159;4;48;2;147;124;63m▄[48;2;253;162;0m        [38;2;241;158;7;48;2;79;99;103m▄▄[38;2;241;157;8;48;2;81;99;103m▄[48;2;253;95;85m                  [38;2;241;157;8;48;2;81;99;103m▄[38;2;241;158;7;48;2;79;99;103m▄▄[48;2;253;162;0m        [38;2;245;159;4;48;2;147;124;63m▄[38;2;241;158;7;48;2;79;99;103m▄▄[38;2;111;116;100;48;2;231;233;234m▄[38;2;138;151;154;48;2;253;253;253m▄[48;2;253;253;253m                      [48;2;194;202;215m [48;2;191;199;214m [49m [m
[49m [48;2;191;199;214m [48;2;194;202;215m [48;2;253;253;253m       [48;2;79;99;103m     [38;2;79;99;103;48;2;136;149;152m▄[38;2;79;99;103;48;2;191;198;200m▄[48;2;253;253;253m        [48;2;129;143;146m [48;2;101;107;90m [48;2;253;162;0m            [38;2;253;122;50;48;2;253;148;18m▄[38;2;253;95;85;48;2;253;138;31m▄[48;2;253;95;85m                  [38;2;253;95;85;48;2;253;138;31m▄[38;2;253;122;50;48;2;253;148;18m▄[48;2;253;162;0m            [48;2;101;107;90m [48;2;129;143;146m [48;2;253;253;253m                      [48;2;194;202;215m [48;2;191;199;214m [49m [m
[49m [48;2;191;199;214m [48;2;194;202;215m [48;2;253;253;253m       [48;2;79;99;103m  [48;2;122;137;140m [48;2;253;253;253m  [48;2;164;174;176m [48;2;79;99;103m  [48;2;213;217;218m [48;2;253;253;253m     [48;2;79;99;103m [48;2;203;144;30m [48;2;253;162;0m            [38;2;253;119;55;48;2;253;162;0m▄[38;2;253;105;73;48;2;253;122;50m▄[48;2;253;95;85m                    [38;2;253;105;73;48;2;253;122;50m▄[38;2;253;119;55;48;2;253;162;0m▄[48;2;253;162;0m            [48;2;203;144;30m [48;2;79;99;103m [48;2;253;253;253m                     [48;2;194;202;215m [48;2;191;199;214m [49m [m
[49m [48;2;191;199;214m [48;2;194;202;215m [48;2;253;253;253m     [38;2;154;165;167;48;2;246;247;247m▄[38;2;79;99;103;48;2;241;242;242m▄[48;2;79;99;103m  [38;2;79;99;103;48;2;119;134;138m▄[38;2;79;99;103;48;2;241;242;242m▄[48;2;253;253;253m [48;2;164;174;176m [48;2;79;99;103m  [38;2;79;99;103;48;2;203;209;210m▄[38;2;112;128;132;48;2;243;244;244m▄[48;2;253;253;253m  [38;2;175;184;186;48;2;248;248;248m▄[38;2;79;99;103;48;2;241;242;242m▄[38;2;253;162;0;48;2;91;103;96m▄[38;2;253;162;0;48;2;206;145;28m▄[48;2;253;162;0m     [38;2;79;99;103;48;2;241;158;7m▄[38;2;192;140;36;48;2;249;160;2m▄[48;2;253;162;0m     [48;2;253;95;85m                        [48;2;253;162;0m     [38;2;192;140;36;48;2;249;160;2m▄[38;2;79;99;103;48;2;241;158;7m▄[48;2;253;162;0m     [38;2;253;162;0;48;2;206;145;28m▄[38;2;253;162;0;48;2;91;103;96m▄[38;2;79;99;103;48;2;241;242;242m▄[38;2;175;184;186;48;2;248;248;248m▄[48;2;253;253;253m                   [48;2;194;202;215m [48;2;191;199;214m [49m [m
[49m [48;2;191;199;214m [48;2;194;202;215m [48;2;253;253;253m     [38;2;218;222;223;48;2;246;247;247m▄[38;2;191;198;200;48;2;241;242;242m▄▄▄▄▄[38;2;191;198;200;48;2;253;253;253m▄[38;2;191;198;200;48;2;247;248;248m▄[38;2;191;198;200;48;2;241;242;242m▄▄[38;2;239;240;241;48;2;241;242;242m▄[38;2;253;253;253;48;2;243;244;244m▄[48;2;253;253;253m  [48;2;175;184;186m [48;2;79;99;103m [48;2;253;162;0m    [38;2;84;101;100;48;2;96;105;93m▄[38;2;103;121;124;48;2;91;103;96m▄[38;2;141;154;156;48;2;91;103;96m▄[38;2;253;253;253;48;2;241;242;242m▄[38;2;180;189;190;48;2;144;152;147m▄[38;2;145;153;148;48;2;103;108;89m▄[38;2;191;140;37;48;2;253;162;0m▄[38;2;248;160;3;48;2;253;162;0m▄[38;2;253;154;10;48;2;253;162;0m▄[38;2;253;138;30;48;2;253;162;0m▄[48;2;253;95;85m                        [38;2;253;138;30;48;2;253;162;0m▄[38;2;253;154;10;48;2;253;162;0m▄[38;2;248;160;3;48;2;253;162;0m▄[38;2;191;140;37;48;2;253;162;0m▄[38;2;145;153;148;48;2;103;108;89m▄[38;2;180;189;190;48;2;144;152;147m▄[38;2;253;253;253;48;2;241;242;242m▄[38;2;141;154;156;48;2;91;103;96m▄[38;2;103;121;124;48;2;91;103;96m▄[38;2;84;101;100;48;2;96;105;93m▄[48;2;253;162;0m    [48;2;79;99;103m [48;2;175;184;186m [48;2;253;253;253m                   [48;2;194;202;215m [48;2;191;199;214m [49m [m
[49m [48;2;191;199;214m [48;2;194;202;215m [48;2;253;253;253m     [38;2;253;253;253;48;2;154;165;167m▄[38;2;253;253;253;48;2;79;99;103m▄[48;2;79;99;103m  [38;2;122;137;140;48;2;79;99;103m▄[38;2;253;253;253;48;2;79;99;103m▄▄[38;2;164;174;176;48;2;79;99;103m▄[48;2;79;99;103m  [48;2;213;217;218m [48;2;253;253;253m   [48;2;175;184;186m [48;2;79;99;103m [48;2;253;162;0m  [38;2;231;154;13;48;2;253;162;0m▄[38;2;79;99;103;48;2;253;162;0m▄[38;2;248;248;248;48;2;84;101;100m▄[38;2;253;253;253;48;2;147;159;162m▄[48;2;253;253;253m   [48;2;241;242;242m [48;2;79;99;103m [48;2;237;156;9m [48;2;253;140;28m [48;2;253;95;85m         [38;2;253;179;174;48;2;253;95;85m▄[38;2;253;253;253;48;2;253;95;85m▄▄▄▄▄▄[38;2;253;179;174;48;2;253;95;85m▄[48;2;253;95;85m         [48;2;253;140;28m [48;2;237;156;9m [48;2;79;99;103m [48;2;241;242;242m [48;2;253;253;253m   [38;2;253;253;253;48;2;147;159;162m▄[38;2;248;248;248;48;2;84;101;100m▄[38;2;79;99;103;48;2;253;162;0m▄[38;2;231;154;13;48;2;253;162;0m▄[48;2;253;162;0m  [48;2;79;99;103m [48;2;175;184;186m [48;2;253;253;253m                   [48;2;194;202;215m [48;2;191;199;214m [49m [m
[49m [48;2;191;199;214m [48;2;194;202;215m [48;2;253;253;253m       [48;2;79;99;103m  [38;2;119;134;138;48;2;122;137;140m▄[38;2;241;242;242;48;2;253;253;253m▄▄[38;2;241;242;242;48;2;221;225;225m▄[38;2;241;242;242;48;2;191;198;200m▄[38;2;253;253;253;48;2;191;198;200m▄[38;2;253;253;253;48;2;239;240;241m▄[48;2;253;253;253m  [38;2;79;99;103;48;2;141;154;156m▄[38;2;157;168;170;48;2;163;174;176m▄[38;2;253;253;253;48;2;191;198;200m▄[38;2;253;253;253;48;2;253;221;163m▄[38;2;253;193;86;48;2;253;179;47m▄[38;2;253;179;48;48;2;245;166;26m▄[38;2;253;253;253;48;2;191;198;200m▄[38;2;84;104;108;48;2;142;155;157m▄[38;2;147;159;162;48;2;184;192;194m▄[48;2;253;253;253m   [48;2;241;242;242m [48;2;79;99;103m [38;2;237;95;87;48;2;237;117;59m▄[38;2;253;95;85;48;2;253;111;65m▄[48;2;253;95;85m    [38;2;253;106;97;48;2;253;95;85m▄[38;2;253;231;230;48;2;253;182;177m▄[38;2;253;253;253;48;2;253;197;193m▄▄▄[38;2;253;253;253;48;2;253;226;225m▄[48;2;253;253;253m      [38;2;253;253;253;48;2;253;226;225m▄[38;2;253;253;253;48;2;253;197;193m▄▄▄[38;2;253;231;230;48;2;253;182;177m▄[38;2;253;106;97;48;2;253;95;85m▄[48;2;253;95;85m    [38;2;253;95;85;48;2;253;111;65m▄[38;2;237;95;87;48;2;237;117;59m▄[48;2;79;99;103m [48;2;241;242;242m [48;2;253;253;253m   [38;2;147;159;162;48;2;184;192;194m▄[38;2;84;104;108;48;2;142;155;157m▄[38;2;253;253;253;48;2;191;198;200m▄[38;2;253;179;48;48;2;245;166;26m▄[38;2;253;193;86;48;2;253;179;47m▄[38;2;253;253;253;48;2;253;221;163m▄[38;2;253;253;253;48;2;191;198;200m▄[38;2;157;168;170;48;2;163;174;176m▄[38;2;79;99;103;48;2;141;154;156m▄[48;2;253;253;253m                  [48;2;194;202;215m [48;2;191;199;214m [49m [m
[49m [48;2;191;199;214m [48;2;194;202;215m [48;2;253;253;253m       [48;2;79;99;103m  [38;2;120;135;138;48;2;79;99;103m▄[38;2;241;242;242;48;2;79;99;103m▄▄▄▄[48;2;253;253;253m    [48;2;79;99;103m [48;2;157;168;170m [48;2;253;253;253m     [48;2;84;104;108m [48;2;147;159;162m [48;2;253;253;253m  [38;2;148;160;163;48;2;253;253;253m▄[38;2;102;109;112;48;2;241;242;242m▄[38;2;241;95;86;48;2;79;99;103m▄[38;2;252;95;85;48;2;237;95;87m▄[48;2;253;95;85m   [38;2;253;132;38;48;2;253;95;85m▄[38;2;253;157;6;48;2;253;97;87m▄[38;2;253;168;18;48;2;253;253;253m▄▄[38;2;253;191;81;48;2;253;253;253m▄[48;2;253;253;253m            [38;2;253;191;81;48;2;253;253;253m▄[38;2;253;168;18;48;2;253;253;253m▄▄[38;2;253;157;6;48;2;253;97;87m▄[38;2;253;132;38;48;2;253;95;85m▄[48;2;253;95;85m   [38;2;252;95;85;48;2;237;95;87m▄[38;2;241;95;86;48;2;79;99;103m▄[38;2;102;109;112;48;2;241;242;242m▄[38;2;148;160;163;48;2;253;253;253m▄[48;2;253;253;253m  [48;2;147;159;162m [48;2;84;104;108m [48;2;253;253;253m     [48;2;157;168;170m [48;2;79;99;103m [48;2;253;253;253m                  [48;2;194;202;215m [48;2;191;199;214m [49m [m
[49m [48;2;191;199;214m [48;2;194;202;215m [48;2;253;253;253m       [48;2;79;99;103m  [48;2;122;137;140m [48;2;253;253;253m        [38;2;253;253;253;48;2;141;154;156m▄[38;2;175;184;186;48;2;163;174;176m▄[38;2;79;99;103;48;2;191;198;200m▄[48;2;253;253;253m  [38;2;231;233;234;48;2;245;246;246m▄[38;2;79;99;103;48;2;191;198;200m▄[38;2;248;248;248;48;2;142;155;157m▄[38;2;253;253;253;48;2;184;192;194m▄[48;2;253;253;253m  [48;2;140;153;156m [48;2;91;99;102m [48;2;253;95;85m    [38;2;253;162;0;48;2;253;119;55m▄[38;2;253;162;0;48;2;253;144;23m▄[48;2;253;162;0m   [38;2;253;162;0;48;2;253;178;43m▄[38;2;253;162;0;48;2;253;221;163m▄▄[38;2;253;210;134;48;2;253;238;210m▄[48;2;253;253;253m      [38;2;253;210;134;48;2;253;238;210m▄[38;2;253;162;0;48;2;253;221;163m▄▄[38;2;253;162;0;48;2;253;178;43m▄[48;2;253;162;0m   [38;2;253;162;0;48;2;253;144;23m▄[38;2;253;162;0;48;2;253;119;55m▄[48;2;253;95;85m    [48;2;91;99;102m [48;2;140;153;156m [48;2;253;253;253m  [38;2;253;253;253;48;2;184;192;194m▄[38;2;248;248;248;48;2;142;155;157m▄[38;2;79;99;103;48;2;191;198;200m▄[38;2;231;233;234;48;2;245;246;246m▄[48;2;253;253;253m  [38;2;79;99;103;48;2;191;198;200m▄[38;2;175;184;186;48;2;163;174;176m▄[38;2;253;253;253;48;2;141;154;156m▄[48;2;253;253;253m                  [48;2;194;202;215m [48;2;191;199;214m [49m [m
[49m [48;2;191;199;214m [48;2;194;202;215m [48;2;253;253;253m     [38;2;189;196;198;48;2;253;253;253m▄[38;2;141;154;156;48;2;253;253;253m▄[48;2;79;99;103m  [38;2;95;113;116;48;2;122;137;140m▄[38;2;141;154;156;48;2;253;253;253m▄▄[38;2;109;125;129;48;2;164;174;176m▄[48;2;79;99;103m  [48;2;213;217;218m [48;2;253;253;253m     [38;2;191;198;200;48;2;79;99;103m▄▄[38;2;199;205;207;48;2;101;119;122m▄[48;2;253;253;253m     [48;2;140;153;156m [48;2;91;99;102m [48;2;253;95;85m  [38;2;246;121;113;48;2;253;95;85m▄[38;2;232;176;172;48;2;253;95;85m▄[38;2;232;199;142;48;2;253;162;0m▄[38;2;244;177;58;48;2;253;162;0m▄[38;2;253;163;2;48;2;253;162;0m▄[38;2;253;221;163;48;2;253;162;0m▄[38;2;157;163;157;48;2;253;239;215m▄[38;2;141;154;156;48;2;253;253;253m▄▄[38;2;253;221;163;48;2;253;162;0m▄[38;2;253;189;76;48;2;253;162;0m▄[48;2;253;162;0m [48;2;253;253;253m    [48;2;253;162;0m [38;2;253;189;76;48;2;253;162;0m▄[38;2;253;221;163;48;2;253;162;0m▄[38;2;141;154;156;48;2;253;253;253m▄▄[38;2;157;163;157;48;2;253;239;215m▄[38;2;253;221;163;48;2;253;162;0m▄[38;2;253;163;2;48;2;253;162;0m▄[38;2;253;186;67;48;2;253;162;0m▄[38;2;253;221;163;48;2;253;162;0m▄[38;2;253;197;193;48;2;253;95;85m▄[38;2;253;128;120;48;2;253;95;85m▄[48;2;253;95;85m  [48;2;91;99;102m [48;2;140;153;156m [48;2;253;253;253m     [38;2;199;205;207;48;2;101;119;122m▄[38;2;191;198;200;48;2;79;99;103m▄▄[48;2;253;253;253m                     [48;2;194;202;215m [48;2;191;199;214m [49m [m
[49m [48;2;191;199;214m [48;2;194;202;215m [48;2;253;253;253m     [38;2;253;253;253;48;2;161;171;173m▄[38;2;253;253;253;48;2;91;110;113m▄▄▄▄▄▄▄▄▄[38;2;253;253;253;48;2;216;220;221m▄[48;2;253;253;253m             [48;2;140;153;156m [48;2;91;99;102m [48;2;253;95;85m  [48;2;242;136;129m [48;2;220;220;220m  [38;2;239;239;239;48;2;239;190;101m▄[38;2;253;252;250;48;2;253;169;21m▄[38;2;253;162;0;48;2;253;247;235m▄[38;2;253;162;0;48;2;115;124;116m▄[38;2;253;162;0;48;2;91;103;96m▄▄[38;2;253;162;0;48;2;253;247;235m▄[38;2;253;210;134;48;2;253;205;121m▄[38;2;253;253;253;48;2;253;168;18m▄[48;2;253;253;253m    [38;2;253;253;253;48;2;253;168;18m▄[38;2;253;210;134;48;2;253;205;121m▄[38;2;253;162;0;48;2;253;247;235m▄[38;2;253;162;0;48;2;91;103;96m▄▄[38;2;253;162;0;48;2;115;124;116m▄[38;2;253;162;0;48;2;253;247;235m▄[38;2;253;252;250;48;2;253;169;21m▄[38;2;253;253;253;48;2;253;203;115m▄[48;2;253;253;253m  [48;2;253;147;140m [48;2;253;95;85m  [48;2;91;99;102m [48;2;140;153;156m [48;2;253;253;253m                             [48;2;194;202;215m [48;2;191;199;214m [49m [m
[49m [48;2;191;199;214m [48;2;194;202;215m [48;2;253;253;253m     [38;2;189;196;198;48;2;161;171;173m▄[38;2;141;154;156;48;2;91;110;113m▄[38;2;79;99;103;48;2;91;110;113m▄▄[38;2;95;113;116;48;2;91;110;113m▄[38;2;141;154;156;48;2;91;110;113m▄▄[38;2;109;125;129;48;2;91;110;113m▄[38;2;79;99;103;48;2;91;110;113m▄[38;2;191;198;200;48;2;253;253;253m▄[38;2;239;240;241;48;2;253;253;253m▄[48;2;253;253;253m             [38;2;253;253;253;48;2;245;246;246m▄[38;2;241;242;242;48;2;230;232;232m▄[38;2;79;99;103;48;2;91;99;102m▄[38;2;227;136;130;48;2;239;95;86m▄[38;2;234;166;161;48;2;242;136;129m▄[48;2;220;220;220m  [48;2;239;239;239m [48;2;253;253;253m [38;2;253;253;253;48;2;253;247;235m▄▄▄▄▄[38;2;242;242;242;48;2;253;250;245m▄[38;2;231;231;231;48;2;253;253;253m▄[48;2;253;253;253m    [38;2;231;231;231;48;2;253;253;253m▄[38;2;242;242;242;48;2;253;250;245m▄[38;2;253;253;253;48;2;253;247;235m▄▄▄▄▄[48;2;253;253;253m    [38;2;253;184;180;48;2;253;147;140m▄[38;2;237;147;141;48;2;239;95;86m▄[38;2;79;99;103;48;2;91;99;102m▄[38;2;241;242;242;48;2;230;232;232m▄[38;2;253;253;253;48;2;245;246;246m▄[48;2;253;253;253m             [38;2;239;240;241;48;2;253;253;253m▄[38;2;191;198;200;48;2;253;253;253m▄▄[38;2;221;225;225;48;2;253;253;253m▄[48;2;253;253;253m  [38;2;207;212;213;48;2;253;253;253m▄[38;2;191;198;200;48;2;253;253;253m▄▄▄[38;2;218;222;223;48;2;253;253;253m▄[48;2;253;253;253m     [48;2;194;202;215m [48;2;191;199;214m [49m [m
[49m [48;2;191;199;214m [48;2;194;202;215m [48;2;253;253;253m       [48;2;79;99;103m  [48;2;122;137;140m [48;2;253;253;253m  [38;2;253;253;253;48;2;164;174;176m▄[38;2;253;253;253;48;2;79;99;103m▄[48;2;79;99;103m [48;2;213;217;218m [48;2;253;253;253m             [38;2;140;153;156;48;2;253;253;253m▄[38;2;89;107;111;48;2;241;242;242m▄[38;2;220;220;220;48;2;79;99;103m▄[38;2;220;220;220;48;2;207;209;209m▄[48;2;220;220;220m  [38;2;253;95;85;48;2;220;220;220m▄[38;2;253;188;184;48;2;239;239;239m▄[48;2;253;253;253m      [38;2;253;253;253;48;2;221;221;221m▄[38;2;253;253;253;48;2;192;192;192m▄[38;2;192;192;192;48;2;253;253;253m▄▄▄▄[38;2;253;253;253;48;2;192;192;192m▄[38;2;253;253;253;48;2;221;221;221m▄[48;2;253;253;253m      [38;2;253;188;184;48;2;253;253;253m▄[38;2;253;95;85;48;2;253;253;253m▄[48;2;253;253;253m  [38;2;253;253;253;48;2;237;239;239m▄[38;2;253;253;253;48;2;79;99;103m▄[38;2;91;110;113;48;2;241;242;242m▄[38;2;140;153;156;48;2;253;253;253m▄[48;2;253;253;253m             [48;2;213;217;218m [48;2;79;99;103m  [48;2;164;174;176m [48;2;253;253;253m  [48;2;122;137;140m [48;2;79;99;103m  [38;2;253;253;253;48;2;79;99;103m▄[38;2;253;253;253;48;2;154;165;167m▄[48;2;253;253;253m     [48;2;194;202;215m [48;2;191;199;214m [49m [m
[49m [48;2;191;199;214m [48;2;194;202;215m [48;2;253;253;253m       [48;2;79;99;103m  [38;2;119;134;138;48;2;122;137;140m▄[38;2;241;242;242;48;2;253;253;253m▄▄[38;2;158;169;171;48;2;196;202;204m▄[38;2;79;99;103;48;2;141;154;156m▄[38;2;91;110;113;48;2;79;99;103m▄[38;2;216;220;221;48;2;213;217;218m▄[48;2;253;253;253m             [48;2;140;153;156m [48;2;89;107;111m [48;2;220;220;220m    [48;2;253;95;85m [38;2;253;95;85;48;2;253;128;120m▄[38;2;253;95;85;48;2;253;151;145m▄▄▄[38;2;253;134;127;48;2;253;178;174m▄[38;2;253;242;241;48;2;253;253;253m▄▄▄▄[38;2;253;242;241;48;2;231;231;231m▄▄▄▄[38;2;253;242;241;48;2;253;253;253m▄▄▄▄[38;2;253;134;127;48;2;253;178;174m▄[38;2;253;95;85;48;2;253;151;145m▄▄▄[38;2;253;95;85;48;2;253;128;120m▄[48;2;253;95;85m [48;2;253;253;253m    [48;2;91;110;113m [48;2;140;153;156m [48;2;253;253;253m             [38;2;253;253;253;48;2;239;240;241m▄[38;2;253;253;253;48;2;191;198;200m▄[48;2;79;99;103m [38;2;79;99;103;48;2;109;125;129m▄[38;2;79;99;103;48;2;141;154;156m▄[38;2;241;242;242;48;2;253;253;253m▄[38;2;120;135;138;48;2;122;137;140m▄[48;2;79;99;103m  [48;2;253;253;253m       [48;2;194;202;215m [48;2;191;199;214m [49m [m
[49m [48;2;191;199;214m [48;2;194;202;215m [48;2;253;253;253m       [48;2;79;99;103m  [38;2;120;135;138;48;2;79;99;103m▄[38;2;241;242;242;48;2;79;99;103m▄[48;2;79;99;103m   [48;2;253;253;253m               [38;2;245;246;246;48;2;140;153;156m▄[38;2;230;232;233;48;2;89;107;111m▄[38;2;89;107;111;48;2;220;220;220m▄[38;2;208;210;210;48;2;220;220;220m▄[48;2;220;220;220m  [38;2;253;242;241;48;2;253;95;85m▄[38;2;253;155;149;48;2;253;95;85m▄[48;2;253;95;85m                    [38;2;253;155;149;48;2;253;95;85m▄[38;2;253;242;241;48;2;253;95;85m▄[48;2;253;253;253m  [38;2;239;240;241;48;2;253;253;253m▄[38;2;91;110;113;48;2;253;253;253m▄[38;2;230;233;233;48;2;91;110;113m▄[38;2;245;246;246;48;2;140;153;156m▄[48;2;253;253;253m             [38;2;216;220;221;48;2;253;253;253m▄[38;2;91;110;113;48;2;253;253;253m▄[48;2;79;99;103m [38;2;158;169;171;48;2;79;99;103m▄[38;2;241;242;242;48;2;79;99;103m▄▄[38;2;119;134;138;48;2;79;99;103m▄[48;2;79;99;103m  [48;2;253;253;253m       [48;2;194;202;215m [48;2;191;199;214m [49m [m
[49m [48;2;191;199;214m [48;2;194;202;215m [48;2;253;253;253m       [48;2;79;99;103m  [48;2;122;137;140m [48;2;253;253;253m [38;2;253;253;253;48;2;141;154;156m▄[38;2;164;174;176;48;2;109;125;129m▄[48;2;79;99;103m [38;2;79;99;103;48;2;191;198;200m▄[38;2;213;217;218;48;2;239;240;241m▄[48;2;253;253;253m              [38;2;253;253;253;48;2;245;246;246m▄[38;2;253;253;253;48;2;141;154;156m▄[38;2;95;113;116;48;2;167;175;176m▄[38;2;125;139;141;48;2;186;191;192m▄[48;2;220;220;220m [38;2;220;220;220;48;2;241;241;241m▄[38;2;239;239;239;48;2;248;188;185m▄[38;2;253;251;251;48;2;253;151;144m▄[48;2;253;95;85m    [38;2;253;253;253;48;2;253;151;145m▄▄▄▄▄▄▄▄▄▄[48;2;253;95;85m    [38;2;253;251;251;48;2;253;151;144m▄[38;2;253;253;253;48;2;253;193;189m▄[48;2;253;253;253m  [38;2;136;149;152;48;2;211;216;217m▄[38;2;95;113;116;48;2;186;194;196m▄[38;2;253;253;253;48;2;141;154;156m▄[38;2;253;253;253;48;2;245;246;246m▄[48;2;253;253;253m              [48;2;213;217;218m [48;2;79;99;103m [38;2;253;253;253;48;2;141;154;156m▄[38;2;253;253;253;48;2;196;202;204m▄[48;2;253;253;253m  [48;2;122;137;140m [48;2;79;99;103m  [48;2;253;253;253m       [48;2;194;202;215m [48;2;191;199;214m [49m [m
[49m [48;2;191;199;214m [48;2;194;202;215m [48;2;253;253;253m     [38;2;218;222;223;48;2;154;165;167m▄[38;2;191;198;200;48;2;79;99;103m▄▄▄[38;2;207;212;213;48;2;122;137;140m▄[48;2;253;253;253m  [38;2;221;225;225;48;2;164;174;176m▄[38;2;191;198;200;48;2;79;99;103m▄▄[38;2;239;240;241;48;2;213;217;218m▄[48;2;253;253;253m                 [48;2;196;202;204m [48;2;79;99;103m [48;2;220;220;220m [38;2;227;227;227;48;2;239;239;239m▄[38;2;232;231;231;48;2;253;251;251m▄[38;2;253;197;193;48;2;253;95;85m▄[38;2;253;110;101;48;2;253;95;85m▄[48;2;253;95;85m   [38;2;253;125;116;48;2;253;179;174m▄[38;2;253;151;145;48;2;253;253;253m▄▄▄▄▄▄[38;2;253;125;116;48;2;253;179;174m▄[48;2;253;95;85m   [38;2;253;110;101;48;2;253;95;85m▄[38;2;253;197;193;48;2;253;95;85m▄[38;2;253;252;252;48;2;253;251;251m▄[48;2;253;253;253m  [48;2;79;99;103m [48;2;196;202;204m [48;2;253;253;253m                 [38;2;239;240;241;48;2;213;217;218m▄[38;2;191;198;200;48;2;79;99;103m▄[48;2;79;99;103m [38;2;109;125;129;48;2;164;174;176m▄[38;2;141;154;156;48;2;253;253;253m▄▄[38;2;95;113;116;48;2;122;137;140m▄[48;2;79;99;103m  [38;2;141;154;156;48;2;253;253;253m▄[38;2;189;196;198;48;2;253;253;253m▄[48;2;253;253;253m     [48;2;194;202;215m [48;2;191;199;214m [49m [m
[49m [48;2;191;199;214m [48;2;194;202;215m [48;2;253;253;253m                                 [38;2;253;253;253;48;2;200;206;207m▄[38;2;253;253;253;48;2;91;110;113m▄[38;2;79;99;103;48;2;210;211;212m▄[38;2;162;170;172;48;2;216;217;217m▄[48;2;220;220;220m [38;2;220;220;220;48;2;251;251;251m▄[38;2;248;248;248;48;2;253;127;119m▄[38;2;253;210;208;48;2;253;103;94m▄[48;2;253;95;85m            [38;2;253;210;208;48;2;253;103;94m▄[38;2;253;253;253;48;2;253;128;120m▄[48;2;253;253;253m  [38;2;182;190;191;48;2;248;249;249m▄[38;2;79;99;103;48;2;241;242;242m▄[38;2;253;253;253;48;2;91;110;113m▄[38;2;253;253;253;48;2;200;206;207m▄[48;2;253;253;253m                   [38;2;253;253;253;48;2;91;110;113m▄▄▄▄▄▄▄▄[38;2;253;253;253;48;2;161;171;173m▄[48;2;253;253;253m     [48;2;194;202;215m [48;2;191;199;214m [49m [m
[49m [48;2;191;199;214m [48;2;194;202;215m [48;2;253;253;253m                          [38;2;228;231;232;48;2;253;253;253m▄[38;2;191;198;200;48;2;253;253;253m▄▄▄[38;2;181;192;196;48;2;241;243;243m▄[38;2;51;119;156;48;2;91;110;113m▄▄▄▄[38;2;142;197;232;48;2;210;211;212m▄[38;2;188;211;225;48;2;216;217;217m▄[48;2;220;220;220m  [38;2;230;230;230;48;2;222;222;222m▄[38;2;237;237;237;48;2;231;227;227m▄[38;2;253;253;253;48;2;253;242;241m▄▄[38;2;253;199;195;48;2;253;164;158m▄[38;2;253;151;145;48;2;253;95;85m▄▄▄▄▄▄[38;2;253;199;195;48;2;253;164;158m▄[38;2;253;253;253;48;2;253;242;241m▄▄[38;2;253;253;253;48;2;253;250;250m▄[38;2;251;251;251;48;2;253;253;253m▄[38;2;241;241;241;48;2;253;253;253m▄▄[38;2;201;223;237;48;2;236;236;236m▄[38;2;142;197;232;48;2;210;211;212m▄[38;2;51;119;156;48;2;91;110;113m▄▄▄▄[38;2;94;136;156;48;2;91;110;113m▄[38;2;130;159;172;48;2;148;160;163m▄[38;2;191;198;200;48;2;253;253;253m▄▄[38;2;228;231;232;48;2;253;253;253m▄[48;2;253;253;253m          [38;2;213;217;218;48;2;216;220;221m▄[38;2;79;99;103;48;2;91;110;113m▄▄[38;2;109;125;129;48;2;91;110;113m▄[38;2;141;154;156;48;2;91;110;113m▄▄[38;2;95;113;116;48;2;91;110;113m▄[38;2;79;99;103;48;2;91;110;113m▄▄[38;2;141;154;156;48;2;91;110;113m▄[38;2;189;196;198;48;2;161;171;173m▄[48;2;253;253;253m     [48;2;194;202;215m [48;2;191;199;214m [49m [m
[49m [48;2;191;199;214m [48;2;194;202;215m [48;2;253;253;253m                       [38;2;231;233;234;48;2;253;253;253m▄[38;2;79;99;103;48;2;253;253;253m▄▄[38;2;48;121;162;48;2;185;193;194m▄[38;2;0;156;253;48;2;79;99;103m▄▄▄[38;2;0;156;253;48;2;73;103;113m▄[48;2;0;156;253m    [38;2;129;206;253;48;2;0;156;253m▄[38;2;129;206;253;48;2;130;194;234m▄[38;2;130;206;253;48;2;220;220;220m▄[48;2;220;220;220m [38;2;220;220;220;48;2;248;248;248m▄[38;2;220;220;220;48;2;253;253;253m▄▄[48;2;253;253;253m          [38;2;220;220;220;48;2;253;253;253m▄▄[38;2;220;220;220;48;2;248;248;248m▄[48;2;220;220;220m [38;2;130;206;253;48;2;220;220;220m▄[38;2;129;206;253;48;2;130;194;234m▄[38;2;129;206;253;48;2;0;156;253m▄▄▄[38;2;117;201;253;48;2;0;156;253m▄[48;2;0;156;253m [38;2;0;156;253;48;2;120;202;253m▄[38;2;0;156;253;48;2;111;168;200m▄[38;2;0;156;253;48;2;79;99;103m▄[38;2;129;206;253;48;2;79;99;103m▄[38;2;98;141;162;48;2;185;193;194m▄[38;2;79;99;103;48;2;253;253;253m▄▄[38;2;231;233;234;48;2;253;253;253m▄[48;2;253;253;253m       [38;2;253;253;253;48;2;213;217;218m▄[38;2;253;253;253;48;2;79;99;103m▄▄[38;2;253;253;253;48;2;164;174;176m▄[48;2;253;253;253m  [48;2;122;137;140m [48;2;79;99;103m  [48;2;253;253;253m       [48;2;194;202;215m [48;2;191;199;214m [49m [m
[49m [48;2;191;199;214m [48;2;194;202;215m [48;2;253;253;253m                   [38;2;248;248;248;48;2;253;253;253m▄[38;2;241;242;242;48;2;253;253;253m▄[38;2;73;103;113;48;2;141;154;156m▄▄[38;2;64;110;132;48;2;126;151;162m▄[38;2;0;156;253;48;2;28;136;200m▄▄[38;2;0;156;253;48;2;17;144;221m▄[48;2;0;156;253m [38;2;9;159;253;48;2;0;156;253m▄▄[38;2;18;163;253;48;2;6;158;253m▄[38;2;129;206;253;48;2;83;188;253m▄▄▄▄[38;2;136;208;253;48;2;129;206;253m▄▄[38;2;137;209;253;48;2;130;206;253m▄[38;2;216;239;253;48;2;222;234;241m▄[38;2;142;211;253;48;2;170;214;241m▄[38;2;149;208;245;48;2;177;213;236m▄[38;2;205;215;222;48;2;220;220;220m▄[38;2;205;215;222;48;2;232;232;232m▄▄▄[38;2;214;219;222;48;2;232;232;232m▄▄[38;2;215;220;222;48;2;232;232;232m▄[38;2;220;222;222;48;2;232;232;232m▄[38;2;214;219;222;48;2;232;232;232m▄[38;2;210;217;222;48;2;232;232;232m▄[38;2;205;215;222;48;2;232;232;232m▄[38;2;205;215;222;48;2;220;220;220m▄[38;2;149;208;245;48;2;177;213;236m▄[38;2;129;206;253;48;2;161;211;241m▄▄[48;2;129;206;253m [38;2;165;220;253;48;2;154;216;253m▄[38;2;216;239;253;48;2;190;229;253m▄▄[38;2;158;217;253;48;2;149;214;253m▄[38;2;130;206;253;48;2;125;204;253m▄[38;2;136;208;253;48;2;83;188;253m▄[38;2;129;206;253;48;2;83;188;253m▄[38;2;87;190;253;48;2;54;177;253m▄[38;2;9;159;253;48;2;0;156;253m▄[38;2;9;159;253;48;2;46;174;253m▄[38;2;3;157;253;48;2;35;151;221m▄[38;2;3;157;253;48;2;31;137;200m▄[38;2;120;202;253;48;2;111;168;200m▄[38;2;80;116;132;48;2;137;155;162m▄[38;2;76;104;113;48;2;141;154;156m▄[38;2;82;107;113;48;2;141;154;156m▄[38;2;241;242;242;48;2;253;253;253m▄[38;2;248;248;248;48;2;253;253;253m▄[48;2;253;253;253m     [38;2;241;242;242;48;2;253;253;253m▄▄▄▄[38;2;120;135;138;48;2;122;137;140m▄[48;2;79;99;103m  [48;2;253;253;253m       [48;2;194;202;215m [48;2;191;199;214m [49m [m
[49m [48;2;191;199;214m [48;2;194;202;215m [48;2;253;253;253m                  [38;2;91;110;113;48;2;253;253;253m▄[38;2;53;129;172;48;2;175;184;186m▄[38;2;6;152;242;48;2;79;99;103m▄[48;2;0;156;253m     [38;2;47;174;253;48;2;0;156;253m▄[38;2;120;202;253;48;2;0;156;253m▄[48;2;129;206;253m     [38;2;158;217;253;48;2;129;206;253m▄[38;2;216;239;253;48;2;129;206;253m▄[38;2;136;208;253;48;2;223;242;253m▄▄[38;2;134;208;253;48;2;222;242;253m▄[38;2;9;159;253;48;2;129;206;253m▄▄[38;2;7;159;253;48;2;94;192;253m▄[48;2;0;156;253m  [38;2;63;181;253;48;2;0;156;253m▄[38;2;120;202;253;48;2;0;156;253m▄[48;2;129;206;253m  [38;2;130;207;253;48;2;149;214;253m▄[38;2;136;208;253;48;2;223;242;253m▄[38;2;216;239;253;48;2;129;206;253m▄[38;2;171;222;253;48;2;68;183;253m▄[38;2;120;202;253;48;2;0;156;253m▄[48;2;0;156;253m [38;2;7;159;253;48;2;94;192;253m▄[38;2;9;159;253;48;2;129;206;253m▄▄[38;2;127;205;253;48;2;129;206;253m▄[48;2;129;206;253m    [38;2;130;206;253;48;2;137;209;253m▄[38;2;136;208;253;48;2;223;242;253m▄[38;2;129;206;253;48;2;136;208;253m▄[38;2;160;218;253;48;2;129;206;253m▄[38;2;216;239;253;48;2;129;206;253m▄[48;2;129;206;253m [38;2;123;204;253;48;2;50;175;253m▄[38;2;120;202;253;48;2;0;156;253m▄▄[38;2;16;162;253;48;2;0;156;253m▄[38;2;2;157;253;48;2;37;170;253m▄[38;2;9;159;253;48;2;129;206;253m▄[38;2;6;152;242;48;2;79;99;103m▄[38;2;53;129;172;48;2;175;184;186m▄[38;2;91;110;113;48;2;253;253;253m▄[48;2;253;253;253m    [38;2;241;242;242;48;2;79;99;103m▄▄▄▄[38;2;119;134;138;48;2;79;99;103m▄[48;2;79;99;103m  [48;2;253;253;253m       [48;2;194;202;215m [48;2;191;199;214m [49m [m
[49m [48;2;191;199;214m [48;2;194;202;215m [48;2;253;253;253m                  [48;2;79;99;103m [48;2;43;125;170m [48;2;0;156;253m   [38;2;17;162;253;48;2;6;158;253m▄[38;2;129;206;253;48;2;46;174;253m▄▄[38;2;129;206;253;48;2;78;186;253m▄[48;2;129;206;253m     [38;2;215;239;253;48;2;159;218;253m▄[38;2;192;230;253;48;2;171;222;253m▄[38;2;129;206;253;48;2;190;229;253m▄[48;2;129;206;253m [38;2;53;176;253;48;2;102;195;253m▄[38;2;0;156;253;48;2;82;188;253m▄[48;2;0;156;253m    [38;2;129;206;253;48;2;46;174;253m▄[38;2;129;206;253;48;2;90;191;253m▄[48;2;129;206;253m     [48;2;223;242;253m [48;2;179;225;253m [48;2;129;206;253m [38;2;129;206;253;48;2;46;174;253m▄[38;2;35;169;253;48;2;13;161;253m▄[48;2;0;156;253m  [38;2;0;156;253;48;2;82;188;253m▄[38;2;53;176;253;48;2;102;195;253m▄[48;2;129;206;253m      [38;2;129;206;253;48;2;150;214;253m▄[38;2;129;206;253;48;2;190;229;253m▄[38;2;223;242;253;48;2;162;219;253m▄[38;2;166;220;253;48;2;142;211;253m▄[48;2;129;206;253m  [38;2;129;206;253;48;2;56;178;253m▄[38;2;92;191;253;48;2;33;169;253m▄[48;2;0;156;253m  [48;2;43;125;170m [48;2;79;99;103m [48;2;253;253;253m  [38;2;213;217;218;48;2;239;240;241m▄[38;2;79;99;103;48;2;191;198;200m▄▄[38;2;164;174;176;48;2;221;225;225m▄[48;2;253;253;253m  [48;2;122;137;140m [48;2;79;99;103m  [48;2;253;253;253m       [48;2;194;202;215m [48;2;191;199;214m [49m [m
[49m [48;2;191;199;214m [48;2;194;202;215m [48;2;253;253;253m                [48;2;220;223;224m [48;2;79;99;103m [48;2;0;156;253m   [38;2;0;145;236;48;2;0;156;253m▄[38;2;33;158;236;48;2;92;191;253m▄[38;2;46;163;236;48;2;129;206;253m▄▄[38;2;126;205;252;48;2;129;206;253m▄[48;2;129;206;253m   [38;2;168;221;253;48;2;129;206;253m▄[38;2;187;228;253;48;2;136;208;253m▄[38;2;162;219;253;48;2;223;242;253m▄[38;2;132;207;253;48;2;137;209;253m▄[38;2;102;195;253;48;2;129;206;253m▄[38;2;46;174;253;48;2;129;206;253m▄[48;2;0;156;253m    [38;2;71;184;253;48;2;0;156;253m▄[38;2;96;193;253;48;2;35;169;253m▄[48;2;129;206;253m  [38;2;85;183;244;48;2;129;206;253m▄[38;2;46;163;236;48;2;129;206;253m▄▄▄▄▄[48;2;129;206;253m [48;2;173;223;253m [48;2;223;242;253m [48;2;129;206;253m  [48;2;110;199;253m [48;2;0;156;253m    [38;2;46;174;253;48;2;129;206;253m▄[38;2;102;195;253;48;2;129;206;253m▄[48;2;129;206;253m      [38;2;149;214;253;48;2;186;228;253m▄[38;2;159;217;252;48;2;220;241;253m▄[38;2;46;163;236;48;2;129;206;253m▄▄▄▄[38;2;83;188;253;48;2;0;156;253m▄[38;2;37;170;253;48;2;0;156;253m▄[48;2;0;156;253m [48;2;79;99;103m [48;2;220;223;224m [38;2;239;240;241;48;2;213;217;218m▄[38;2;191;198;200;48;2;79;99;103m▄▄▄▄▄▄▄▄▄[38;2;218;222;223;48;2;154;165;167m▄[48;2;253;253;253m     [48;2;194;202;215m [48;2;191;199;214m [49m [m
[49m [48;2;191;199;214m [48;2;194;202;215m [48;2;253;253;253m                [48;2;220;223;224m [48;2;79;99;103m [48;2;0;156;253m [38;2;0;148;241;48;2;0;155;252m▄[38;2;0;139;227;48;2;0;155;251m▄[48;2;0;139;227m    [38;2;0;139;227;48;2;116;199;250m▄[38;2;50;165;237;48;2;123;203;252m▄[48;2;129;206;253m  [38;2;129;206;253;48;2;186;228;253m▄[38;2;129;206;253;48;2;210;237;253m▄[48;2;129;206;253m  [48;2;87;190;253m [48;2;0;156;253m     [48;2;110;199;253m [38;2;94;188;246;48;2;126;205;252m▄[38;2;0;139;227;48;2;120;201;251m▄▄[38;2;0;139;227;48;2;56;168;238m▄[48;2;0;139;227m     [38;2;0;139;227;48;2;120;201;251m▄[38;2;0;139;227;48;2;161;217;251m▄[38;2;0;139;227;48;2;207;235;251m▄[48;2;129;206;253m  [38;2;129;206;253;48;2;111;199;253m▄[38;2;129;206;253;48;2;9;159;253m▄[38;2;1;157;253;48;2;0;156;253m▄[48;2;0;156;253m   [48;2;87;190;253m [48;2;129;206;253m      [38;2;50;165;237;48;2;123;203;252m▄[38;2;0;139;227;48;2;116;199;250m▄[48;2;0;139;227m    [38;2;0;139;227;48;2;120;201;251m▄[38;2;71;176;241;48;2;59;178;252m▄[38;2;129;206;253;48;2;9;159;253m▄[48;2;79;99;103m [48;2;220;223;224m [38;2;213;217;218;48;2;250;251;251m▄[38;2;79;99;103;48;2;241;242;242m▄▄[38;2;164;174;176;48;2;247;248;248m▄[48;2;253;253;253m [38;2;79;99;103;48;2;241;242;242m▄▄▄▄▄[38;2;154;165;167;48;2;246;247;247m▄[48;2;253;253;253m     [48;2;194;202;215m [48;2;191;199;214m [49m [m
[49m [48;2;191;199;214m [48;2;194;202;215m [48;2;253;253;253m                [48;2;220;223;224m [48;2;79;99;103m [38;2;0;150;244;48;2;0;156;253m▄[38;2;0;145;236;48;2;0;148;241m▄[48;2;0;139;227m      [38;2;0;139;227;48;2;3;141;228m▄[38;2;0;139;227;48;2;9;144;229m▄[38;2;172;191;200;48;2;216;239;253m▄[38;2;144;201;234;48;2;160;218;253m▄[38;2;126;205;253;48;2;129;206;253m▄[38;2;83;188;253;48;2;129;206;253m▄[38;2;8;159;253;48;2;20;164;253m▄[38;2;0;156;253;48;2;6;158;253m▄[48;2;0;156;253m  [38;2;27;167;253;48;2;0;156;253m▄[38;2;46;174;253;48;2;1;157;253m▄[38;2;83;182;244;48;2;120;202;253m▄[38;2;12;145;229;48;2;25;152;232m▄[38;2;0;139;227;48;2;7;142;228m▄[48;2;0;139;227m           [38;2;0;139;227;48;2;9;144;229m▄[38;2;61;171;239;48;2;97;189;246m▄[38;2;90;186;245;48;2;129;206;253m▄[48;2;129;206;253m [38;2;47;174;253;48;2;1;157;253m▄[38;2;27;167;253;48;2;0;156;253m▄[48;2;0;156;253m  [38;2;0;156;253;48;2;6;158;253m▄[38;2;8;159;253;48;2;20;164;253m▄[38;2;83;188;253;48;2;129;206;253m▄[38;2;126;205;253;48;2;129;206;253m▄[38;2;123;193;234;48;2;129;206;253m▄[38;2;111;168;200;48;2;129;206;253m▄[38;2;0;139;227;48;2;9;144;229m▄[38;2;0;139;227;48;2;3;141;228m▄[48;2;0;139;227m      [38;2;61;155;212;48;2;71;176;241m▄[38;2;111;168;200;48;2;129;206;253m▄[38;2;141;154;156;48;2;79;99;103m▄[38;2;231;234;234;48;2;220;223;224m▄[48;2;213;217;218m [48;2;79;99;103m  [48;2;164;174;176m [48;2;253;253;253m [38;2;253;253;253;48;2;241;242;242m▄[38;2;122;137;140;48;2;119;134;138m▄[48;2;79;99;103m  [38;2;253;253;253;48;2;241;242;242m▄[38;2;253;253;253;48;2;246;247;247m▄[48;2;253;253;253m     [48;2;194;202;215m [48;2;191;199;214m [49m [m
[49m [48;2;191;199;214m [48;2;194;202;215m [48;2;253;253;253m                [38;2;253;253;253;48;2;220;223;224m▄[38;2;253;253;253;48;2;79;99;103m▄[38;2;79;99;103;48;2;0;139;227m▄[38;2;43;117;159;48;2;0;139;227m▄[48;2;0;139;227m     [38;2;77;100;107;48;2;0;139;227m▄[38;2;79;99;103;48;2;0;139;227m▄▄[38;2;253;253;253;48;2;79;99;103m▄[38;2;140;153;156;48;2;111;168;200m▄[38;2;73;103;113;48;2;120;202;253m▄[48;2;0;156;253m     [48;2;76;185;253m [48;2;127;205;253m [48;2;0;139;227m       [38;2;79;99;103;48;2;0;139;227m▄▄▄▄[48;2;0;139;227m     [38;2;0;139;227;48;2;19;149;231m▄[38;2;0;139;227;48;2;129;206;253m▄[38;2;127;205;253;48;2;129;206;253m▄[48;2;76;185;253m [48;2;0;156;253m     [38;2;73;103;113;48;2;120;202;253m▄[38;2;140;153;156;48;2;111;168;200m▄[38;2;253;253;253;48;2;79;99;103m▄[38;2;79;99;103;48;2;0;139;227m▄▄[38;2;77;100;107;48;2;0;139;227m▄[48;2;0;139;227m    [38;2;79;99;103;48;2;0;139;227m▄[38;2;175;184;186;48;2;43;117;159m▄[38;2;253;253;253;48;2;79;99;103m▄[48;2;253;253;253m  [38;2;253;253;253;48;2;213;217;218m▄[38;2;253;253;253;48;2;79;99;103m▄[48;2;79;99;103m [38;2;79;99;103;48;2;164;174;176m▄[38;2;79;99;103;48;2;253;253;253m▄▄[38;2;79;99;103;48;2;122;137;140m▄[48;2;79;99;103m  [48;2;253;253;253m       [48;2;194;202;215m [48;2;191;199;214m [49m [m
[49m [48;2;191;199;214m [48;2;194;202;215m [48;2;253;253;253m                [38;2;220;223;224;48;2;231;234;234m▄[38;2;79;99;103;48;2;141;154;156m▄[38;2;253;95;85;48;2;191;96;91m▄[38;2;253;95;85;48;2;178;103;111m▄[38;2;253;95;85;48;2;163;111;135m▄[38;2;18;136;217;48;2;0;139;227m▄[38;2;61;110;136;48;2;36;121;170m▄[38;2;80;100;104;48;2;51;113;147m▄[38;2;91;110;113;48;2;51;113;147m▄[38;2;248;249;249;48;2;187;196;198m▄[38;2;253;253;253;48;2;191;198;200m▄▄[48;2;253;253;253m [48;2;140;153;156m [48;2;73;103;113m [48;2;0;156;253m     [38;2;0;146;238;48;2;27;160;243m▄[38;2;0;139;227;48;2;45;163;236m▄[48;2;0;139;227m    [38;2;6;136;218;48;2;0;139;227m▄[38;2;51;122;163;48;2;27;125;184m▄[38;2;91;110;113;48;2;51;113;147m▄[38;2;253;253;253;48;2;191;198;200m▄▄▄▄[38;2;91;110;113;48;2;51;113;147m▄[38;2;51;122;163;48;2;27;125;184m▄[38;2;6;136;218;48;2;0;139;227m▄[48;2;0;139;227m    [38;2;118;200;251;48;2;127;205;253m▄[38;2;71;183;252;48;2;76;185;253m▄[48;2;0;156;253m     [48;2;73;103;113m [48;2;140;153;156m [48;2;253;253;253m [38;2;253;253;253;48;2;191;198;200m▄▄[38;2;248;249;249;48;2;187;196;198m▄[38;2;91;110;113;48;2;51;113;147m▄[38;2;80;100;104;48;2;51;113;147m▄[38;2;79;99;103;48;2;51;113;147m▄▄[48;2;79;99;103m [38;2;79;99;103;48;2;113;129;132m▄[38;2;79;99;103;48;2;141;154;156m▄[48;2;253;253;253m    [38;2;241;242;242;48;2;191;198;200m▄[38;2;162;172;174;48;2;136;149;152m▄[48;2;79;99;103m [38;2;91;110;113;48;2;79;99;103m▄[38;2;82;101;105;48;2;79;99;103m▄[48;2;79;99;103m  [48;2;253;253;253m       [48;2;194;202;215m [48;2;191;199;214m [49m [m
[49m [48;2;191;199;214m [48;2;194;202;215m [48;2;253;253;253m                [48;2;220;223;224m [48;2;79;99;103m [48;2;253;95;85m    [48;2;129;98;98m [48;2;101;119;122m [48;2;253;253;253m     [48;2;140;153;156m [48;2;73;103;113m [48;2;0;156;253m     [48;2;0;146;238m [48;2;0;139;227m     [48;2;79;99;103m [48;2;171;181;183m [48;2;253;253;253m      [48;2;171;181;183m [48;2;79;99;103m [48;2;0;139;227m     [48;2;0;146;238m [48;2;0;156;253m     [48;2;73;103;113m [48;2;140;153;156m [48;2;253;253;253m     [48;2;101;119;122m [48;2;79;99;103m     [48;2;253;253;253m  [38;2;216;220;221;48;2;253;253;253m▄[38;2;91;110;113;48;2;253;253;253m▄[48;2;79;99;103m [38;2;158;169;171;48;2;79;99;103m▄[38;2;241;242;242;48;2;79;99;103m▄[48;2;253;253;253m [48;2;122;137;140m [48;2;79;99;103m  [48;2;253;253;253m       [48;2;194;202;215m [48;2;191;199;214m [49m [m
[49m [48;2;191;199;214m [48;2;194;202;215m [48;2;253;253;253m                [38;2;253;253;253;48;2;231;234;234m▄[38;2;253;253;253;48;2;141;154;156m▄[38;2;79;99;103;48;2;191;96;91m▄▄▄▄[38;2;203;208;210;48;2;156;137;138m▄[38;2;253;253;253;48;2;155;166;169m▄[48;2;253;253;253m     [48;2;140;153;156m [48;2;73;103;113m [48;2;0;156;253m     [48;2;0;146;238m [48;2;0;139;227m   [38;2;21;128;194;48;2;8;135;215m▄[38;2;79;99;103;48;2;28;125;183m▄[38;2;253;253;253;48;2;141;154;156m▄[38;2;253;253;253;48;2;201;207;208m▄[48;2;253;253;253m      [38;2;253;253;253;48;2;201;207;208m▄[38;2;253;253;253;48;2;141;154;156m▄[38;2;79;99;103;48;2;28;125;183m▄[38;2;21;128;194;48;2;8;135;215m▄[48;2;0;139;227m   [48;2;0;146;238m [48;2;0;156;253m     [48;2;73;103;113m [48;2;140;153;156m [48;2;253;253;253m     [38;2;253;253;253;48;2;155;166;169m▄[38;2;203;208;210;48;2;123;138;141m▄[48;2;79;99;103m  [38;2;175;184;186;48;2;113;129;132m▄[38;2;253;253;253;48;2;141;154;156m▄[48;2;253;253;253m [38;2;112;128;132;48;2;203;208;210m▄[38;2;79;99;103;48;2;165;175;177m▄[48;2;79;99;103m  [48;2;164;174;176m [48;2;253;253;253m [38;2;79;99;103;48;2;191;198;200m▄[38;2;79;99;103;48;2;107;124;127m▄[48;2;79;99;103m  [38;2;79;99;103;48;2;191;198;200m▄[38;2;154;165;167;48;2;218;222;223m▄[48;2;253;253;253m     [48;2;194;202;215m [48;2;191;199;214m [49m [m
[49m [48;2;191;199;214m [48;2;194;202;215m [48;2;253;253;253m                             [38;2;213;217;218;48;2;140;153;156m▄[38;2;181;192;196;48;2;73;103;113m▄[38;2;51;119;156;48;2;0;156;253m▄[38;2;5;153;244;48;2;0;156;253m▄[48;2;0;156;253m  [48;2;0;139;227m  [38;2;1;139;226;48;2;0;139;227m▄[38;2;51;113;147;48;2;0;139;227m▄[38;2;170;186;192;48;2;67;105;121m▄[38;2;208;213;214;48;2;126;140;143m▄[48;2;253;253;253m            [38;2;208;213;214;48;2;126;140;143m▄[38;2;170;186;192;48;2;67;105;121m▄[38;2;51;113;147;48;2;0;139;227m▄[38;2;1;139;226;48;2;0;139;227m▄[48;2;0;139;227m  [48;2;0;156;253m  [38;2;5;153;244;48;2;0;156;253m▄[38;2;51;119;156;48;2;0;156;253m▄[38;2;181;192;196;48;2;73;103;113m▄[38;2;213;217;218;48;2;140;153;156m▄[48;2;253;253;253m                [38;2;198;204;206;48;2;253;253;253m▄[38;2;141;154;156;48;2;253;253;253m▄▄▄[38;2;160;171;173;48;2;253;253;253m▄[48;2;253;253;253m        [48;2;194;202;215m [48;2;191;199;214m [49m [m
[49m [48;2;191;199;214m [48;2;194;202;215m [48;2;253;253;253m                             [38;2;140;153;156;48;2;245;246;246m▄[38;2;79;99;103;48;2;229;232;232m▄[48;2;79;99;103m [38;2;79;99;103;48;2;12;147;230m▄[38;2;53;112;144;48;2;4;153;245m▄[38;2;0;139;227;48;2;0;155;251m▄[48;2;0;139;227m [38;2;47;115;154;48;2;3;137;222m▄[38;2;81;101;105;48;2;6;136;217m▄[38;2;253;253;253;48;2;91;110;113m▄[38;2;253;253;253;48;2;229;232;232m▄[48;2;253;253;253m              [38;2;253;253;253;48;2;229;232;232m▄[38;2;253;253;253;48;2;91;110;113m▄[38;2;81;101;105;48;2;6;136;217m▄[38;2;79;99;103;48;2;6;136;218m▄▄[38;2;0;139;227;48;2;0;155;251m▄[38;2;170;109;132;48;2;12;153;244m▄[38;2;253;95;85;48;2;24;147;229m▄[38;2;253;95;85;48;2;91;99;102m▄[38;2;91;99;102;48;2;230;232;232m▄[38;2;140;153;156;48;2;245;246;246m▄[48;2;253;253;253m               [38;2;79;99;103;48;2;241;242;242m▄[38;2;79;99;103;48;2;162;172;174m▄[48;2;79;99;103m [38;2;253;253;253;48;2;91;110;113m▄[38;2;122;137;140;48;2;82;101;105m▄[38;2;79;99;103;48;2;107;124;127m▄[38;2;79;99;103;48;2;241;242;242m▄[48;2;253;253;253m       [48;2;194;202;215m [48;2;191;199;214m [49m [m
[49m [48;2;191;199;214m [48;2;194;202;215m [48;2;253;253;253m                             [48;2;140;153;156m [48;2;79;99;103m   [38;2;79;99;103;48;2;77;100;106m▄[38;2;79;99;103;48;2;73;102;112m▄▄[38;2;182;190;191;48;2;172;184;188m▄[38;2;253;253;253;48;2;241;242;242m▄[48;2;253;253;253m                  [38;2;253;253;253;48;2;241;242;242m▄[38;2;182;190;191;48;2;174;183;185m▄[48;2;79;99;103m [38;2;253;95;85;48;2;235;98;95m▄[38;2;253;95;85;48;2;247;96;88m▄[48;2;253;95;85m  [48;2;91;99;102m [48;2;140;153;156m [48;2;253;253;253m             [38;2;213;217;218;48;2;216;220;221m▄[38;2;79;99;103;48;2;91;110;113m▄[48;2;79;99;103m [38;2;164;174;176;48;2;158;169;171m▄[38;2;253;253;253;48;2;241;242;242m▄[48;2;253;253;253m [38;2;253;253;253;48;2;244;245;245m▄[38;2;223;226;227;48;2;213;217;218m▄[48;2;79;99;103m [38;2;79;99;103;48;2;91;110;113m▄[38;2;154;165;167;48;2;161;171;173m▄[48;2;253;253;253m     [48;2;194;202;215m [48;2;191;199;214m [49m [m
[49m [48;2;191;199;214m [48;2;194;202;215m [48;2;253;253;253m                             [38;2;253;253;253;48;2;140;153;156m▄[38;2;241;242;242;48;2;79;99;103m▄[48;2;79;99;103m    [38;2;253;253;253;48;2;79;99;103m▄[38;2;253;253;253;48;2;182;190;191m▄[48;2;253;253;253m                    [38;2;253;253;253;48;2;182;190;191m▄[38;2;253;253;253;48;2;79;99;103m▄[38;2;79;99;103;48;2;253;95;85m▄▄▄▄[38;2;241;242;242;48;2;91;99;102m▄[38;2;253;253;253;48;2;140;153;156m▄[48;2;253;253;253m             [48;2;213;217;218m [48;2;79;99;103m  [48;2;164;174;176m [48;2;253;253;253m   [48;2;223;226;227m [48;2;79;99;103m  [48;2;154;165;167m [48;2;253;253;253m     [48;2;194;202;215m [48;2;191;199;214m [49m [m
[49m [48;2;191;199;214m [48;2;194;202;215m [48;2;253;253;253m                              [38;2;253;253;253;48;2;249;249;249m▄[38;2;253;253;253;48;2;191;198;200m▄▄▄▄[48;2;253;253;253m                        [38;2;253;253;253;48;2;191;198;200m▄▄▄▄[38;2;253;253;253;48;2;249;249;249m▄[48;2;253;253;253m              [38;2;216;220;221;48;2;213;217;218m▄[38;2;91;110;113;48;2;79;99;103m▄[48;2;79;99;103m [38;2;158;169;171;48;2;164;174;176m▄[38;2;241;242;242;48;2;253;253;253m▄[48;2;253;253;253m [38;2;243;245;245;48;2;253;253;253m▄[38;2;213;217;218;48;2;223;226;227m▄[48;2;79;99;103m [38;2;91;110;113;48;2;79;99;103m▄[38;2;161;171;173;48;2;154;165;167m▄[48;2;253;253;253m     [48;2;194;202;215m [48;2;191;199;214m [49m [m
[49m [48;2;191;199;214m [48;2;194;202;215m [48;2;253;253;253m                                                                                [38;2;241;242;242;48;2;79;99;103m▄[38;2;162;172;174;48;2;79;99;103m▄[48;2;79;99;103m [38;2;91;110;113;48;2;253;253;253m▄[38;2;82;102;106;48;2;122;137;140m▄[38;2;107;124;127;48;2;79;99;103m▄[38;2;241;242;242;48;2;79;99;103m▄[48;2;253;253;253m       [48;2;194;202;215m [48;2;191;199;214m [49m [m
[49m [48;2;191;199;214m [48;2;194;202;215m [48;2;253;253;253m                                                                                 [38;2;253;253;253;48;2;198;204;206m▄[38;2;253;253;253;48;2;141;154;156m▄▄▄[38;2;253;253;253;48;2;160;171;173m▄[48;2;253;253;253m        [48;2;194;202;215m [48;2;191;199;214m [49m [m
[49m [48;2;191;199;214m [48;2;194;202;215m [48;2;253;253;253m                                                                                [38;2;141;154;156;48;2;253;253;253m▄[38;2;111;127;130;48;2;168;178;180m▄[48;2;79;99;103m [38;2;191;198;200;48;2;79;99;103m▄[38;2;107;124;127;48;2;79;99;103m▄[48;2;79;99;103m  [38;2;141;154;156;48;2;253;253;253m▄[38;2;189;196;198;48;2;253;253;253m▄[48;2;253;253;253m     [48;2;194;202;215m [48;2;191;199;214m [49m [m
[49m [48;2;191;199;214m [48;2;194;202;215m [48;2;253;253;253m                                                                                [48;2;79;99;103m   [48;2;253;253;253m [38;2;253;253;253;48;2;132;146;149m▄[38;2;223;226;227;48;2;89;108;112m▄[48;2;79;99;103m  [48;2;154;165;167m [48;2;253;253;253m     [48;2;194;202;215m [48;2;191;199;214m [49m [m
[49m [48;2;191;199;214m [48;2;194;202;215m [48;2;253;253;253m                                                                                [48;2;79;99;103m   [48;2;253;253;253m  [38;2;253;253;253;48;2;251;251;251m▄[38;2;253;253;253;48;2;241;242;242m▄▄[38;2;253;253;253;48;2;246;247;247m▄[48;2;253;253;253m     [48;2;194;202;215m [48;2;191;199;214m [49m [m
[49m [48;2;191;199;214m [48;2;194;202;215m [48;2;253;253;253m                                                                                [48;2;79;99;103m   [48;2;253;253;253m           [48;2;194;202;215m [48;2;191;199;214m [49m [m
[49m [48;2;191;199;214m [48;2;194;202;215m [48;2;253;253;253m                                                                              [38;2;213;217;218;48;2;227;230;231m▄[38;2;79;99;103;48;2;141;154;156m▄[48;2;79;99;103m   [38;2;79;99;103;48;2;141;154;156m▄[38;2;88;107;111;48;2;141;154;156m▄[38;2;119;134;138;48;2;160;171;173m▄[48;2;253;253;253m        [48;2;194;202;215m [48;2;191;199;214m [49m [m
[49m [48;2;191;199;214m [48;2;194;202;215m [48;2;253;253;253m                                                                              [38;2;250;251;251;48;2;213;217;218m▄[38;2;241;242;242;48;2;79;99;103m▄▄▄▄▄[38;2;250;250;250;48;2;209;214;215m▄[48;2;253;253;253m         [48;2;194;202;215m [48;2;191;199;214m [49m [m
[49m [48;2;191;199;214m [48;2;194;202;215m [48;2;253;253;253m                                                                                              [48;2;194;202;215m [48;2;191;199;214m [49m [m
[49m [38;2;192;197;210;48;2;191;199;214m▄[38;2;193;201;214;48;2;194;202;215m▄[38;2;213;218;227;48;2;253;253;253m▄[38;2;249;249;250;48;2;253;253;253m▄[48;2;253;253;253m                                                                                          [38;2;249;249;250;48;2;253;253;253m▄[38;2;213;218;227;48;2;253;253;253m▄[38;2;193;201;214;48;2;194;202;215m▄[38;2;192;197;210;48;2;191;199;214m▄[49m [m
[49m  [48;2;196;196;216m [48;2;191;199;213m [38;2;191;199;213;48;2;242;244;246m▄[38;2;210;216;225;48;2;250;250;251m▄[48;2;253;253;253m                                                                                        [38;2;210;216;225;48;2;250;250;251m▄[38;2;191;199;213;48;2;242;244;246m▄[48;2;191;199;213m [48;2;196;196;216m [49m  [m
[49m   [49;38;2;184;198;213m▀▀[38;2;190;200;210;48;2;193;202;216m▄[38;2;191;199;213;48;2;195;203;216m▄▄▄▄▄▄▄▄▄▄▄▄▄▄▄▄▄▄▄▄▄▄▄▄▄▄▄▄▄▄▄▄▄▄▄▄▄▄▄▄▄▄▄▄▄▄▄▄▄▄▄▄▄▄▄▄▄▄▄▄▄▄▄▄▄▄▄▄▄▄▄▄▄▄▄▄▄▄▄▄▄▄▄▄▄▄▄▄[38;2;190;200;210;48;2;193;202;216m▄[49;38;2;184;198;213m▀▀[49m   [m
[49m                                                                                                    [m