[49m     [38;2;190;203;216;49m▄[38;2;191;199;213;49m▄▄▄▄▄▄▄▄▄▄▄▄▄▄▄▄▄▄▄▄▄▄▄▄▄▄▄▄▄▄▄▄▄▄▄▄▄▄▄▄▄▄▄▄▄▄▄▄▄▄▄▄▄▄▄▄▄▄▄▄▄▄▄▄▄▄▄▄▄▄▄▄▄▄▄▄▄▄▄▄▄▄▄▄▄▄▄▄[38;2;193;198;213;49m▄[49m     [m
[49m   [38;2;191;199;213;48;2;187;204;221m▄▄[38;2;206;212;223;48;2;194;201;214m▄[38;2;253;253;253;48;2;194;202;215m▄▄▄▄▄▄▄▄▄▄▄▄▄▄▄▄▄▄▄▄▄▄▄[38;2;187;195;196;48;2;190;198;211m▄[38;2;79;99;103;48;2;184;192;206m▄[38;2;253;95;85;48;2;194;192;205m▄▄▄▄▄▄▄▄▄▄▄▄▄▄▄▄▄[38;2;239;87;77;48;2;194;192;204m▄[38;2;227;75;65;48;2;193;191;203m▄[38;2;224;72;62;48;2;193;191;203m▄▄▄▄▄[38;2;79;99;103;48;2;184;192;206m▄[38;2;198;204;206;48;2;191;199;212m▄[38;2;253;253;253;48;2;194;202;215m▄▄▄▄▄▄▄▄▄▄▄▄▄▄▄▄▄▄▄▄▄▄▄▄▄▄▄▄▄▄▄▄▄▄▄▄▄[38;2;210;215;225;48;2;196;201;215m▄[38;2;191;199;213;48;2;187;204;221m▄▄[38;2;187;204;221;49m▄[49m  [m
[49m [38;2;193;198;213;49m▄[38;2;190;200;213;49m▄[38;2;210;215;225;48;2;191;199;213m▄[38;2;247;248;249;48;2;238;240;243m▄[38;2;253;253;253;48;2;247;247;249m▄[48;2;253;253;253m                    [38;2;246;246;247;48;2;253;253;253m▄[38;2;198;204;206;48;2;253;253;253m▄[38;2;137;104;104;48;2;110;126;129m▄[38;2;178;96;92;48;2;149;109;108m▄[38;2;253;95;85;48;2;231;95;87m▄[48;2;253;95;85m               [38;2;250;93;83;48;2;253;95;85m▄[38;2;248;92;82;48;2;253;95;85m▄[38;2;234;82;72;48;2;239;87;77m▄[38;2;226;74;64;48;2;227;75;65m▄[48;2;224;72;62m     [48;2;79;99;103m [48;2;198;204;206m [48;2;253;253;253m                                     [38;2;253;253;253;48;2;247;248;249m▄[38;2;250;250;251;48;2;241;243;245m▄[38;2;210;215;225;48;2;191;199;213m▄[38;2;196;201;215;48;2;187;204;221m▄[38;2;194;198;212;49m▄[49m [m
[49m [48;2;191;199;213m  [48;2;253;253;253m                       [48;2;231;233;234m [48;2;79;99;103m [48;2;242;95;86m [48;2;253;95;85m                 [48;2;246;91;81m [48;2;239;87;77m [48;2;224;72;62m     [38;2;160;83;79;48;2;224;72;62m▄[38;2;79;99;103;48;2;224;72;62m▄[38;2;253;253;253;48;2;79;99;103m▄[38;2;253;253;253;48;2;198;204;206m▄[48;2;253;253;253m                                        [48;2;194;202;215m [48;2;191;198;213m [49m [m
[49m [48;2;191;199;213m  [48;2;253;253;253m                       [48;2;231;233;234m [48;2;79;99;103m [48;2;242;95;86m [48;2;253;95;85m                [38;2;239;87;77;48;2;244;90;80m▄[38;2;231;79;69;48;2;236;83;73m▄[38;2;224;72;62;48;2;229;77;67m▄[48;2;224;72;62m     [48;2;160;83;79m [48;2;79;99;103m [48;2;253;253;253m                                          [48;2;194;202;215m [48;2;191;198;213m [49m [m
[49m [48;2;191;199;213m  [48;2;253;253;253m                       [48;2;231;233;234m [48;2;79;99;103m [48;2;242;95;86m [48;2;253;95;85m                [48;2;239;87;77m [48;2;231;79;69m [48;2;224;72;62m      [48;2;160;83;79m [48;2;79;99;103m [48;2;253;253;253m                                          [48;2;194;202;215m [48;2;191;198;213m [49m [m
[49m [48;2;191;199;213m  [48;2;253;253;253m                       [48;2;231;233;234m [48;2;79;99;103m [48;2;242;95;86m [48;2;253;95;85m                [38;2;253;95;85;48;2;243;89;79m▄[38;2;246;91;81;48;2;236;83;73m▄[38;2;239;87;77;48;2;228;76;66m▄[48;2;224;72;62m     [38;2;224;72;62;48;2;180;80;74m▄[38;2;224;72;62;48;2;124;90;90m▄[38;2;79;99;103;48;2;198;204;206m▄[38;2;198;204;206;48;2;236;237;238m▄[48;2;253;253;253m                                        [48;2;194;202;215m [48;2;191;198;213m [49m [m
[49m [48;2;191;199;213m  [48;2;253;253;253m                         [48;2;89;108;112m [48;2;144;97;96m [48;2;253;95;85m                  [38;2;247;92;82;48;2;239;87;77m▄▄[38;2;245;90;80;48;2;236;84;74m▄[38;2;233;81;71;48;2;224;72;62m▄[48;2;224;72;62m    [38;2;186;78;72;48;2;124;90;90m▄[38;2;166;91;87;48;2;100;118;121m▄[38;2;144;156;159;48;2;253;253;253m▄[38;2;246;246;247;48;2;253;253;253m▄[48;2;253;253;253m                                     [48;2;194;202;215m [48;2;191;198;213m [49m [m
[49m [48;2;191;199;213m  [48;2;253;253;253m                         [38;2;253;253;253;48;2;100;117;121m▄[38;2;187;195;196;48;2;146;103;102m▄[38;2;79;99;103;48;2;242;95;86m▄[48;2;253;95;85m                   [38;2;253;95;85;48;2;250;93;83m▄[38;2;253;95;85;48;2;239;87;77m▄[38;2;239;87;77;48;2;224;72;62m▄[38;2;232;80;70;48;2;224;72;62m▄[48;2;224;72;62m   [38;2;224;72;62;48;2;207;75;66m▄[38;2;224;72;62;48;2;88;97;100m▄[38;2;88;97;100;48;2;232;234;234m▄[38;2;144;156;159;48;2;246;246;247m▄[48;2;253;253;253m                                    [48;2;194;202;215m [48;2;191;198;213m [49m [m
[49m [48;2;191;199;213m  [48;2;253;253;253m                          [38;2;208;213;214;48;2;187;195;196m▄[38;2;133;147;149;48;2;79;99;103m▄[38;2;198;96;90;48;2;253;95;85m▄[38;2;232;95;87;48;2;253;95;85m▄[48;2;253;95;85m                   [48;2;239;87;77m [48;2;232;80;70m [48;2;224;72;62m     [48;2;88;97;100m [48;2;144;156;159m [48;2;253;253;253m                   [38;2;212;216;217;48;2;253;253;253m▄[38;2;198;204;206;48;2;253;253;253m▄▄[48;2;253;253;253m              [48;2;194;202;215m [48;2;191;198;213m [49m [m
[49m [48;2;191;199;213m  [48;2;253;253;253m                            [38;2;253;253;253;48;2;79;99;103m▄[38;2;144;156;159;48;2;187;96;91m▄[38;2;89;98;101;48;2;253;95;85m▄[48;2;253;95;85m                  [48;2;239;87;77m [48;2;232;80;70m [48;2;224;72;62m     [48;2;88;97;100m [48;2;144;156;159m [48;2;253;253;253m                  [38;2;79;99;103;48;2;253;253;253m▄[38;2;79;99;103;48;2;122;137;140m▄[48;2;79;99;103m  [38;2;79;99;103;48;2;253;253;253m▄[38;2;155;166;168;48;2;253;253;253m▄[48;2;253;253;253m            [48;2;194;202;215m [48;2;191;198;213m [49m [m
[49m [48;2;191;199;213m  [48;2;253;253;253m                             [38;2;151;162;165;48;2;144;156;159m▄[38;2;99;107;110;48;2;89;98;101m▄[38;2;242;95;86;48;2;253;95;85m▄[38;2;251;95;85;48;2;253;95;85m▄[48;2;253;95;85m                [48;2;239;87;77m [48;2;232;80;70m [48;2;224;72;62m   [38;2;222;72;62;48;2;224;72;62m▄[38;2;214;73;64;48;2;224;72;62m▄[38;2;97;106;109;48;2;88;97;100m▄[38;2;151;162;165;48;2;144;156;159m▄[48;2;253;253;253m                  [38;2;89;108;112;48;2;79;99;103m▄[38;2;81;101;105;48;2;79;99;103m▄[48;2;79;99;103m   [48;2;155;166;168m [48;2;253;253;253m   [38;2;251;251;251;48;2;253;253;253m▄[38;2;242;243;243;48;2;253;253;253m▄[38;2;79;99;103;48;2;144;156;159m▄▄▄▄[38;2;198;204;206;48;2;219;222;223m▄[48;2;253;253;253m  [48;2;194;202;215m [48;2;191;198;213m [49m [m
[49m [48;2;191;199;213m  [48;2;253;253;253m                              [48;2;242;243;243m [48;2;79;99;103m [48;2;231;95;87m [48;2;253;95;85m              [38;2;250;93;83;48;2;253;95;85m▄[38;2;240;88;78;48;2;253;95;85m▄[38;2;225;73;63;48;2;239;87;77m▄[38;2;225;73;63;48;2;232;80;70m▄[48;2;224;72;62m   [48;2;205;75;67m [48;2;79;99;103m [48;2;242;243;243m [48;2;253;253;253m                    [38;2;236;238;238;48;2;122;137;140m▄[38;2;231;233;234;48;2;79;99;103m▄▄▄[38;2;240;242;242;48;2;155;166;168m▄[48;2;253;253;253m   [48;2;231;233;234m [48;2;79;99;103m     [48;2;198;204;206m [48;2;253;253;253m  [48;2;194;202;215m [48;2;191;198;213m [49m [m
[49m [48;2;191;199;213m  [48;2;253;253;253m                              [48;2;242;243;243m [48;2;79;99;103m [48;2;231;95;87m [48;2;253;95;85m              [48;2;250;93;83m [48;2;239;87;77m [48;2;224;72;62m    [38;2;124;90;90;48;2;192;77;70m▄[38;2;100;118;121;48;2;173;88;84m▄[38;2;253;253;253;48;2;133;147;149m▄[38;2;253;253;253;48;2;245;246;246m▄[48;2;253;253;253m                            [38;2;253;253;253;48;2;238;239;240m▄[38;2;253;253;253;48;2;133;147;149m▄[48;2;79;99;103m    [48;2;198;204;206m [48;2;253;253;253m  [48;2;194;202;215m [48;2;191;198;213m [49m [m
[49m [48;2;191;199;213m  [48;2;253;253;253m                                [48;2;100;118;121m [48;2;133;97;97m [48;2;253;95;85m             [48;2;250;93;83m [48;2;239;87;77m [48;2;224;72;62m   [38;2;133;88;87;48;2;224;72;62m▄[38;2;62;120;162;48;2;124;90;90m▄[38;2;37;141;203;48;2;100;118;121m▄[38;2;94;192;253;48;2;253;253;253m▄▄[38;2;154;215;253;48;2;253;253;253m▄[48;2;253;253;253m                   [38;2;134;207;253;48;2;253;253;253m▄[38;2;94;190;249;48;2;253;253;253m▄[38;2;94;181;236;48;2;253;253;253m▄▄▄▄[48;2;253;253;253m           [48;2;194;202;215m [48;2;191;198;213m [49m [m
[49m [48;2;191;199;213m  [48;2;253;253;253m                                [48;2;100;118;121m [48;2;133;97;97m [48;2;253;95;85m            [38;2;242;89;79;48;2;252;94;84m▄[38;2;236;84;74;48;2;249;92;82m▄[38;2;224;72;62;48;2;238;86;76m▄[48;2;224;72;62m   [38;2;0;156;253;48;2;74;102;112m▄[38;2;0;156;253;48;2;23;139;209m▄[48;2;0;156;253m   [38;2;0;149;243;48;2;88;189;252m▄[38;2;0;139;227;48;2;237;245;251m▄[48;2;253;253;253m                 [38;2;0;156;253;48;2;237;246;253m▄[38;2;0;156;253;48;2;59;178;253m▄[48;2;0;152;248m [48;2;0;139;227m    [38;2;0;139;227;48;2;237;245;251m▄[38;2;173;217;244;48;2;248;250;252m▄[48;2;253;253;253m         [48;2;194;202;215m [48;2;191;198;213m [49m [m
[49m [48;2;191;199;213m  [48;2;253;253;253m                                [48;2;100;118;121m [48;2;133;97;97m [48;2;253;95;85m            [48;2;242;89;79m [48;2;236;84;74m [48;2;224;72;62m    [48;2;0;156;253m     [38;2;0;151;246;48;2;0;149;243m▄[38;2;0;144;235;48;2;0;139;227m▄[38;2;0;139;227;48;2;31;153;230m▄[38;2;108;187;238;48;2;169;215;244m▄[38;2;178;219;245;48;2;253;253;253m▄[48;2;253;253;253m [38;2;253;228;183;48;2;253;253;253m▄[38;2;253;224;173;48;2;253;253;253m▄▄▄▄▄▄[38;2;234;167;50;48;2;228;180;95m▄[38;2;226;153;24;48;2;223;163;59m▄[38;2;219;151;32;48;2;223;163;59m▄▄[38;2;143;152;107;48;2;127;165;156m▄[38;2;68;154;183;48;2;31;168;253m▄[48;2;0;156;253m  [38;2;0;156;253;48;2;0;155;252m▄[38;2;0;156;253;48;2;0;153;249m▄▄[38;2;0;148;241;48;2;0;147;239m▄[48;2;0;139;227m  [48;2;173;217;244m [48;2;253;253;253m         [48;2;194;202;215m [48;2;191;198;213m [49m [m
[49m [48;2;191;199;213m  [48;2;253;253;253m                         [38;2;89;108;112;48;2;253;253;253m▄[38;2;79;99;103;48;2;253;253;253m▄▄[48;2;253;253;253m    [48;2;100;118;121m [48;2;133;97;97m [48;2;253;95;85m            [48;2;242;89;79m [48;2;236;84;74m [48;2;224;72;62m [38;2;0;156;253;48;2;224;72;62m▄▄▄[48;2;0;156;253m       [38;2;0;156;253;48;2;0;139;227m▄[38;2;0;145;236;48;2;0;139;227m▄[38;2;15;140;212;48;2;15;146;228m▄[38;2;253;162;0;48;2;253;253;253m▄[38;2;253;162;0;48;2;253;173;31m▄[48;2;253;162;0m       [38;2;253;162;0;48;2;244;159;8m▄[38;2;253;162;0;48;2;219;151;32m▄[48;2;219;151;32m   [48;2;0;156;253m    [38;2;0;139;227;48;2;0;156;253m▄[38;2;0;139;227;48;2;0;148;241m▄[48;2;0;139;227m  [48;2;173;217;244m [48;2;253;253;253m         [48;2;194;202;215m [48;2;191;198;213m [49m [m
[49m [48;2;191;199;213m  [48;2;253;253;253m                         [38;2;253;253;253;48;2;191;198;200m▄[38;2;253;253;253;48;2;187;195;196m▄▄[48;2;253;253;253m [38;2;253;249;243;48;2;253;253;253m▄[38;2;253;241;222;48;2;253;249;243m▄[38;2;253;162;0;48;2;253;196;94m▄[38;2;253;162;0;48;2;195;145;45m▄[38;2;252;142;25;48;2;208;124;53m▄[38;2;250;98;81;48;2;253;95;85m▄[48;2;253;95;85m          [38;2;237;98;95;48;2;253;95;85m▄[38;2;59;141;213;48;2;130;121;161m▄[38;2;0;156;253;48;2;88;129;185m▄[38;2;0;156;253;48;2;84;124;181m▄[48;2;0;156;253m   [38;2;0;139;227;48;2;0;145;236m▄[38;2;0;149;243;48;2;0;152;247m▄[38;2;0;155;251;48;2;0;156;253m▄[48;2;0;156;253m     [48;2;0;145;236m [38;2;14;140;213;48;2;15;140;212m▄[38;2;237;160;14;48;2;253;162;0m▄[38;2;251;161;1;48;2;253;162;0m▄[48;2;253;162;0m       [38;2;252;161;0;48;2;253;162;0m▄[38;2;250;161;2;48;2;253;162;0m▄[48;2;219;151;32m [38;2;109;153;142;48;2;150;152;101m▄[38;2;0;156;253;48;2;82;154;170m▄[48;2;0;156;253m  [38;2;0;155;252;48;2;0;156;253m▄[38;2;0;154;251;48;2;0;156;253m▄[48;2;0;139;227m [38;2;6;142;227;48;2;0;139;227m▄[38;2;15;146;228;48;2;0;139;227m▄[38;2;253;253;253;48;2;158;210;243m▄[38;2;253;253;253;48;2;223;239;249m▄[48;2;253;253;253m       [38;2;253;252;252;48;2;253;253;253m▄[38;2;253;247;237;48;2;253;253;253m▄[38;2;194;202;214;48;2;194;202;215m▄[48;2;191;198;213m [49m [m
[49m [48;2;191;199;213m  [48;2;253;253;253m                             [48;2;253;196;94m [48;2;253;162;0m   [48;2;242;158;10m [48;2;219;151;32m [38;2;223;144;38;48;2;253;95;85m▄▄▄[48;2;253;95;85m     [38;2;142;121;158;48;2;253;95;85m▄[38;2;31;148;232;48;2;253;95;85m▄[48;2;0;156;253m       [48;2;0;139;227m  [38;2;0;139;227;48;2;0;141;230m▄[38;2;0;141;230;48;2;0;156;253m▄[38;2;0;155;251;48;2;0;156;253m▄[48;2;0;156;253m   [48;2;0;145;236m [48;2;0;139;227m  [38;2;27;141;202;48;2;221;159;28m▄[38;2;100;148;136;48;2;253;162;0m▄[48;2;253;162;0m      [48;2;244;159;8m [48;2;219;151;32m  [48;2;109;153;142m [48;2;0;156;253m  [38;2;0;144;235;48;2;0;156;253m▄[38;2;0;140;229;48;2;0;152;248m▄[48;2;0;139;227m [38;2;221;238;249;48;2;0;139;227m▄[38;2;235;244;251;48;2;110;188;238m▄[48;2;253;253;253m        [38;2;253;173;31;48;2;253;253;253m▄▄[38;2;253;172;29;48;2;253;247;237m▄[48;2;253;162;0m [48;2;194;196;199m [48;2;191;198;213m [49m [m
[49m [48;2;191;199;213m  [48;2;253;253;253m                          [38;2;253;218;158;48;2;253;242;223m▄[38;2;253;162;0;48;2;253;224;173m▄▄[38;2;253;162;0;48;2;253;185;65m▄[48;2;253;162;0m   [38;2;253;162;0;48;2;245;159;6m▄[38;2;253;162;0;48;2;229;154;22m▄[48;2;219;151;32m   [38;2;219;151;32;48;2;242;112;68m▄[38;2;246;105;75;48;2;251;98;81m▄[48;2;253;95;85m   [48;2;126;125;169m [48;2;0;156;253m     [38;2;0;139;227;48;2;0;150;244m▄▄▄[48;2;0;139;227m    [48;2;0;154;251m [48;2;0;156;253m   [48;2;0;145;236m [48;2;0;139;227m   [38;2;0;144;235;48;2;54;145;180m▄[38;2;0;156;253;48;2;173;160;79m▄▄[38;2;142;159;110;48;2;218;161;34m▄[48;2;253;162;0m [38;2;219;151;32;48;2;242;158;10m▄▄[38;2;219;151;32;48;2;236;156;15m▄[48;2;219;151;32m [38;2;0;156;253;48;2;150;152;101m▄[38;2;0;156;253;48;2;75;154;177m▄[48;2;0;156;253m [38;2;0;139;227;48;2;0;150;244m▄[38;2;0;139;227;48;2;0;141;231m▄[38;2;47;160;231;48;2;14;145;228m▄[38;2;253;253;253;48;2;79;174;235m▄[48;2;253;253;253m   [38;2;253;162;0;48;2;253;224;173m▄▄▄▄▄▄▄[48;2;253;162;0m    [48;2;194;196;199m [48;2;191;198;213m [49m [m
[49m [48;2;191;199;213m  [48;2;253;253;253m                       [38;2;253;245;233;48;2;253;253;253m▄[38;2;253;196;94;48;2;253;253;253m▄[38;2;253;164;5;48;2;253;167;15m▄[48;2;253;162;0m         [48;2;219;151;32m    [38;2;236;202;144;48;2;219;151;32m▄[38;2;243;209;175;48;2;227;137;45m▄[38;2;253;193;190;48;2;253;95;85m▄▄[38;2;205;205;221;48;2;126;125;169m▄[38;2;158;216;253;48;2;0;156;253m▄▄[38;2;158;211;245;48;2;0;143;233m▄[38;2;158;210;243;48;2;0;139;227m▄▄[38;2;0;149;243;48;2;0;139;227m▄▄▄▄[38;2;0;142;232;48;2;0;139;227m▄[48;2;0;139;227m  [38;2;0;144;236;48;2;0;154;251m▄[38;2;0;145;236;48;2;0;156;253m▄▄[48;2;0;139;227m  [38;2;0;139;228;48;2;0;139;227m▄[38;2;0;149;243;48;2;0;139;227m▄▄[38;2;0;151;246;48;2;0;144;235m▄[48;2;0;156;253m     [38;2;0;147;239;48;2;0;156;253m▄[38;2;0;145;236;48;2;0;156;253m▄▄▄[38;2;79;149;160;48;2;0;147;240m▄[38;2;158;153;85;48;2;0;139;227m▄▄▄[38;2;175;161;86;48;2;47;160;231m▄[38;2;253;196;94;48;2;253;253;253m▄[48;2;253;162;0m     [38;2;253;169;19;48;2;253;162;0m▄[38;2;253;218;158;48;2;253;162;0m▄▄▄▄▄▄[38;2;253;221;164;48;2;253;167;15m▄[48;2;253;253;253m [48;2;194;202;215m [48;2;191;198;213m [49m [m
[49m [48;2;191;199;213m  [48;2;253;253;253m                      [38;2;253;190;79;48;2;253;249;242m▄[38;2;253;162;0;48;2;253;236;207m▄[48;2;253;162;0m           [48;2;219;151;32m   [38;2;253;253;253;48;2;221;157;45m▄[38;2;253;253;253;48;2;247;235;214m▄[48;2;253;253;253m         [38;2;253;253;253;48;2;15;162;253m▄▄▄[38;2;220;220;220;48;2;13;160;250m▄[38;2;68;176;242;48;2;4;146;235m▄[38;2;0;156;253;48;2;0;140;228m▄▄[38;2;0;140;228;48;2;0;139;227m▄[48;2;0;139;227m    [38;2;0;139;227;48;2;0;139;228m▄[38;2;0;139;227;48;2;0;154;251m▄▄[38;2;0;144;235;48;2;0;155;251m▄[48;2;0;156;253m     [38;2;0;156;253;48;2;0;143;233m▄[38;2;0;151;246;48;2;0;139;228m▄[48;2;0;139;227m [38;2;253;162;0;48;2;15;140;212m▄[38;2;253;162;0;48;2;134;151;106m▄[48;2;253;162;0m [38;2;219;151;32;48;2;250;161;2m▄▄▄▄▄▄▄[38;2;0;139;227;48;2;237;160;14m▄▄[38;2;31;153;230;48;2;239;172;44m▄[48;2;253;253;253m        [48;2;194;202;215m [48;2;191;198;213m [49m [m
[49m [48;2;191;199;213m  [48;2;253;253;253m                     [38;2;253;162;0;48;2;253;173;31m▄[38;2;253;162;0;48;2;253;165;9m▄[48;2;253;162;0m       [38;2;252;161;0;48;2;253;162;0m▄[38;2;242;158;10;48;2;253;162;0m▄[38;2;221;151;29;48;2;226;153;24m▄[38;2;219;151;32;48;2;223;152;28m▄▄[48;2;219;151;32m   [38;2;219;151;32;48;2;223;163;59m▄▄[38;2;224;168;69;48;2;230;186;107m▄[38;2;242;221;183;48;2;253;253;253m▄[48;2;253;253;253m          [48;2;220;220;220m [38;2;220;220;220;48;2;201;214;222m▄[38;2;201;214;222;48;2;168;205;227m▄[38;2;68;176;242;48;2;0;156;253m▄[38;2;4;141;227;48;2;0;140;228m▄[48;2;0;139;227m       [38;2;0;139;227;48;2;0;139;228m▄[38;2;0;139;227;48;2;0;141;230m▄▄[38;2;0;145;237;48;2;0;149;243m▄[38;2;0;150;244;48;2;0;156;253m▄▄▄[38;2;19;149;222;48;2;0;151;246m▄[38;2;79;146;156;48;2;0;139;227m▄[38;2;219;151;32;48;2;223;152;28m▄▄▄[48;2;219;151;32m [38;2;54;154;197;48;2;75;154;177m▄[38;2;0;156;253;48;2;27;155;225m▄▄▄[38;2;0;148;241;48;2;27;148;215m▄[38;2;0;139;227;48;2;27;140;202m▄[48;2;0;139;227m  [38;2;0;139;227;48;2;3;140;227m▄[38;2;0;139;227;48;2;31;153;230m▄[48;2;253;253;253m       [48;2;194;202;215m [48;2;191;198;213m [49m [m
[49m [48;2;191;199;213m  [48;2;253;253;253m           [38;2;79;99;103;48;2;253;253;253m▄▄▄▄[38;2;209;214;215;48;2;253;253;253m▄[48;2;253;253;253m     [38;2;253;253;253;48;2;253;162;0m▄[38;2;253;190;79;48;2;253;162;0m▄[48;2;253;162;0m   [38;2;158;159;94;48;2;253;162;0m▄[38;2;0;156;253;48;2;253;162;0m▄▄▄[38;2;0;156;253;48;2;250;161;2m▄[38;2;0;156;253;48;2;219;151;32m▄▄[38;2;0;150;244;48;2;219;151;32m▄[38;2;0;139;227;48;2;219;151;32m▄[38;2;253;253;253;48;2;219;151;32m▄▄▄[38;2;253;162;0;48;2;219;151;32m▄▄▄▄[38;2;253;162;0;48;2;253;253;253m▄▄▄[48;2;253;253;253m     [38;2;238;238;238;48;2;253;253;253m▄[38;2;220;220;220;48;2;253;253;253m▄[48;2;220;220;220m    [48;2;13;144;226m [48;2;0;139;227m          [38;2;142;151;99;48;2;0;139;227m▄[38;2;253;162;0;48;2;0;139;227m▄▄▄[38;2;244;159;8;48;2;63;144;170m▄[38;2;219;151;32;48;2;253;162;0m▄[48;2;219;151;32m   [38;2;0;156;253;48;2;219;151;32m▄[38;2;0;156;253;48;2;54;154;197m▄[48;2;0;156;253m   [38;2;0;156;253;48;2;0;148;241m▄[38;2;0;156;253;48;2;0;139;227m▄[48;2;0;139;227m    [48;2;253;253;253m       [48;2;194;202;215m [48;2;191;198;213m [49m [m
[49m [48;2;191;199;213m  [48;2;253;253;253m         [38;2;220;224;224;48;2;232;234;235m▄[38;2;79;99;103;48;2;144;156;159m▄[48;2;79;99;103m    [48;2;209;214;215m [48;2;253;253;253m      [38;2;253;253;253;48;2;253;229;187m▄[38;2;221;240;253;48;2;233;211;158m▄[38;2;0;156;253;48;2;94;158;158m▄▄[38;2;0;156;253;48;2;59;157;193m▄[48;2;0;156;253m     [38;2;0;155;251;48;2;0;156;253m▄[38;2;0;149;243;48;2;0;150;244m▄[48;2;0;139;227m [48;2;253;253;253m   [38;2;253;253;253;48;2;253;218;158m▄[38;2;253;179;47;48;2;253;172;29m▄[38;2;253;163;3;48;2;253;162;0m▄[38;2;253;167;15;48;2;253;162;0m▄[38;2;242;243;243;48;2;253;218;158m▄▄▄[38;2;253;167;15;48;2;253;196;94m▄[38;2;251;162;5;48;2;253;196;94m▄[38;2;251;178;49;48;2;253;206;124m▄[48;2;253;253;253m  [48;2;238;238;238m [48;2;220;220;220m     [48;2;13;144;226m [48;2;0;139;227m         [38;2;253;162;0;48;2;158;153;85m▄[38;2;253;162;0;48;2;211;158;37m▄[48;2;253;162;0m [38;2;250;161;2;48;2;253;162;0m▄[38;2;224;152;26;48;2;235;156;16m▄[38;2;219;151;32;48;2;228;154;23m▄[48;2;219;151;32m    [48;2;0;156;253m     [38;2;0;155;252;48;2;0;156;253m▄[38;2;0;154;251;48;2;0;156;253m▄[48;2;0;139;227m    [48;2;253;253;253m       [48;2;194;202;215m [48;2;191;198;213m [49m [m
[49m [48;2;191;199;213m  [48;2;253;253;253m         [38;2;248;249;249;48;2;220;224;224m▄[38;2;231;233;234;48;2;79;99;103m▄[48;2;79;99;103m   [38;2;231;233;234;48;2;79;99;103m▄[38;2;247;248;248;48;2;209;214;215m▄[48;2;253;253;253m       [38;2;249;251;253;48;2;221;240;253m▄[38;2;221;240;253;48;2;0;156;253m▄[38;2;13;161;253;48;2;0;156;253m▄[48;2;0;156;253m      [48;2;0;141;230m [48;2;0;139;227m  [48;2;253;253;253m    [38;2;253;243;227;48;2;253;179;47m▄[38;2;253;224;173;48;2;253;184;63m▄[38;2;253;173;31;48;2;253;253;253m▄[38;2;201;144;40;48;2;79;99;103m▄▄▄[38;2;223;163;59;48;2;253;253;253m▄[38;2;220;199;162;48;2;227;176;87m▄[38;2;226;219;207;48;2;225;170;73m▄[48;2;253;253;253m [38;2;224;224;224;48;2;253;253;253m▄[38;2;222;222;222;48;2;238;238;238m▄[48;2;220;220;220m     [48;2;13;144;226m [48;2;0;139;227m         [48;2;253;162;0m [38;2;236;156;15;48;2;253;162;0m▄[38;2;223;152;28;48;2;253;162;0m▄[48;2;219;151;32m     [38;2;233;195;128;48;2;219;151;32m▄[38;2;248;240;225;48;2;219;151;32m▄[48;2;0;156;253m     [48;2;0;148;241m [48;2;0;139;227m   [38;2;27;151;229;48;2;0;139;227m▄[38;2;221;238;249;48;2;0;139;227m▄[48;2;253;253;253m   [38;2;31;168;253;48;2;253;253;253m▄▄[38;2;45;173;253;48;2;253;253;253m▄[48;2;253;253;253m [48;2;194;202;215m [48;2;191;198;213m [49m [m
[49m [48;2;191;199;213m  [48;2;253;253;253m           [38;2;253;253;253;48;2;133;147;149m▄▄▄[48;2;253;253;253m           [38;2;89;108;112;48;2;38;145;209m▄[38;2;79;99;103;48;2;24;138;206m▄▄[48;2;0;156;253m  [38;2;0;154;251;48;2;0;155;252m▄[38;2;0;139;227;48;2;0;150;244m▄[38;2;0;139;227;48;2;0;140;229m▄[38;2;79;174;235;48;2;24;150;229m▄[38;2;253;253;253;48;2;79;174;235m▄[48;2;253;253;253m     [38;2;253;253;253;48;2;253;237;209m▄[38;2;253;253;253;48;2;253;190;79m▄[38;2;253;253;253;48;2;229;182;101m▄[38;2;236;236;236;48;2;224;177;95m▄[38;2;220;220;220;48;2;219;172;90m▄▄[38;2;220;220;220;48;2;219;208;187m▄[38;2;220;220;220;48;2;224;224;224m▄[38;2;220;220;220;48;2;242;242;242m▄[48;2;220;220;220m       [48;2;13;144;226m [48;2;0;139;227m       [38;2;79;146;156;48;2;24;141;204m▄[38;2;253;162;0;48;2;79;146;156m▄[38;2;219;151;32;48;2;242;158;10m▄[38;2;219;151;32;48;2;229;154;22m▄[48;2;219;151;32m   [38;2;164;152;87;48;2;201;151;49m▄[38;2;0;156;253;48;2;150;152;101m▄▄[38;2;0;156;253;48;2;162;187;177m▄[38;2;0;156;253;48;2;173;222;253m▄[48;2;0;156;253m  [38;2;0;152;248;48;2;0;155;251m▄[38;2;0;139;227;48;2;0;150;244m▄▄[38;2;0;139;227;48;2;0;145;237m▄[48;2;0;139;227m  [38;2;173;217;244;48;2;54;163;232m▄[38;2;253;253;253;48;2;100;184;237m▄[48;2;253;253;253m  [38;2;158;216;253;48;2;223;241;253m▄[38;2;0;156;253;48;2;173;222;253m▄[48;2;0;156;253m  [38;2;0;156;253;48;2;10;160;253m▄[38;2;0;156;253;48;2;173;222;253m▄[38;2;179;196;215;48;2;189;200;215m▄[48;2;191;198;213m [49m [m
[49m [48;2;191;199;213m  [48;2;253;253;253m                       [48;2;231;233;234m [48;2;79;99;103m [48;2;242;95;86m [48;2;253;95;85m   [38;2;193;105;118;48;2;94;122;173m▄[38;2;148;113;143;48;2;0;139;227m▄[48;2;0;139;227m  [48;2;79;174;235m [48;2;253;253;253m        [38;2;240;240;240;48;2;220;220;220m▄▄▄[48;2;220;220;220m           [38;2;145;104;129;48;2;13;144;226m▄[38;2;140;97;123;48;2;0;139;227m▄▄▄[38;2;151;132;99;48;2;0;139;227m▄[38;2;164;153;79;48;2;15;140;212m▄[48;2;253;162;0m  [38;2;246;159;6;48;2;253;162;0m▄[38;2;231;155;20;48;2;253;162;0m▄[48;2;219;151;32m    [48;2;41;155;211m [48;2;0;156;253m      [38;2;0;148;240;48;2;0;156;253m▄[38;2;0;144;234;48;2;0;152;248m▄[48;2;0;139;227m  [38;2;69;170;234;48;2;0;139;227m▄[38;2;158;210;243;48;2;0;139;227m▄[38;2;94;192;253;48;2;253;253;253m▄[38;2;29;167;253;48;2;79;186;253m▄[48;2;0;156;253m         [48;2;179;196;215m [48;2;191;198;213m [49m [m
[49m [48;2;191;199;213m  [48;2;253;253;253m         [38;2;253;235;205;48;2;253;251;250m▄[38;2;253;162;0;48;2;253;247;237m▄▄▄▄▄▄▄▄▄▄▄▄▄[38;2;253;162;0;48;2;232;229;219m▄[38;2;253;162;0;48;2;89;102;96m▄[38;2;253;99;79;48;2;242;95;85m▄[48;2;253;95;85m    [48;2;237;97;93m [48;2;0;139;227m  [48;2;79;174;235m [48;2;253;253;253m           [48;2;220;220;220m         [38;2;220;201;200;48;2;220;218;218m▄[38;2;224;72;62;48;2;220;210;210m▄[38;2;224;72;62;48;2;223;80;71m▄[48;2;224;72;62m   [48;2;242;128;23m [48;2;253;162;0m   [48;2;242;158;10m [48;2;219;151;32m    [38;2;253;253;253;48;2;221;157;45m▄[38;2;47;174;253;48;2;41;156;214m▄[48;2;0;156;253m   [38;2;0;147;240;48;2;0;155;252m▄[38;2;0;139;227;48;2;0;154;251m▄▄[38;2;0;139;227;48;2;0;142;233m▄[48;2;0;139;227m  [38;2;253;253;253;48;2;15;146;228m▄[38;2;253;253;253;48;2;119;192;239m▄[48;2;253;253;253m [48;2;0;156;253m    [38;2;0;139;227;48;2;0;154;251m▄[38;2;0;145;236;48;2;0;155;251m▄[48;2;0;156;253m     [48;2;179;196;215m [48;2;191;198;213m [49m [m
[49m [48;2;191;199;213m  [48;2;253;253;253m  [38;2;253;245;233;48;2;253;253;253m▄[38;2;253;224;173;48;2;253;253;253m▄▄▄▄[38;2;253;162;0;48;2;253;173;31m▄▄[38;2;253;162;0;48;2;253;171;25m▄[48;2;253;162;0m  [38;2;213;161;39;48;2;253;162;0m▄[38;2;173;160;79;48;2;253;162;0m▄▄▄[38;2;173;159;77;48;2;253;162;0m▄[38;2;173;154;70;48;2;253;162;0m▄▄▄▄[48;2;253;162;0m    [38;2;253;162;0;48;2;253;154;9m▄[38;2;253;162;0;48;2;253;153;10m▄▄[48;2;253;95;85m  [38;2;252;94;84;48;2;251;95;86m▄[38;2;248;92;82;48;2;221;100;102m▄[38;2;92;114;163;48;2;27;134;211m▄[38;2;124;142;181;48;2;79;174;235m▄[38;2;243;196;193;48;2;253;253;253m▄[38;2;242;242;242;48;2;253;253;253m▄▄▄▄▄▄▄[38;2;220;220;220;48;2;224;224;224m▄▄▄[48;2;220;220;220m    [38;2;230;201;151;48;2;220;220;220m▄[38;2;240;184;85;48;2;232;197;135m▄[38;2;253;162;0;48;2;248;169;27m▄[38;2;224;72;62;48;2;223;90;81m▄[38;2;243;133;19;48;2;240;144;44m▄[38;2;250;154;5;48;2;245;157;31m▄[38;2;233;100;42;48;2;224;72;62m▄[38;2;224;73;60;48;2;224;72;62m▄[48;2;224;72;62m  [38;2;253;162;0;48;2;249;150;7m▄[38;2;253;162;0;48;2;251;157;2m▄[38;2;252;161;0;48;2;253;162;0m▄[38;2;242;158;10;48;2;253;162;0m▄[38;2;221;151;29;48;2;226;153;24m▄[38;2;222;160;53;48;2;221;151;29m▄[38;2;229;182;101;48;2;219;151;32m▄▄[38;2;242;222;186;48;2;235;201;140m▄[38;2;253;253;253;48;2;248;240;225m▄[48;2;253;253;253m [38;2;253;253;253;48;2;227;243;253m▄[38;2;253;253;253;48;2;221;240;253m▄▄▄[38;2;253;253;253;48;2;221;239;251m▄[38;2;253;253;253;48;2;221;238;249m▄▄▄▄▄[48;2;253;253;253m   [38;2;253;253;253;48;2;221;240;253m▄[38;2;79;174;235;48;2;69;172;237m▄[38;2;0;139;228;48;2;0;141;230m▄[38;2;0;144;235;48;2;0;141;230m▄[38;2;0;144;235;48;2;0;139;227m▄[38;2;0;148;241;48;2;0;145;236m▄[48;2;0;156;253m     [48;2;179;196;215m [48;2;191;198;213m [49m [m
[49m [48;2;191;199;213m  [38;2;253;162;0;48;2;253;253;253m▄▄[38;2;253;162;0;48;2;253;230;189m▄[48;2;253;162;0m      [38;2;205;160;47;48;2;253;162;0m▄[38;2;0;156;253;48;2;253;162;0m▄▄[38;2;0;156;253;48;2;126;159;126m▄[48;2;0;156;253m   [38;2;0;156;253;48;2;0;152;248m▄[38;2;0;156;253;48;2;0;139;227m▄[48;2;0;139;227m   [48;2;253;162;0m     [38;2;253;136;31;48;2;253;162;0m▄[38;2;253;95;85;48;2;253;162;0m▄[48;2;253;95;85m  [48;2;252;94;84m [48;2;239;87;77m [48;2;225;73;63m [48;2;224;72;62m  [38;2;224;72;62;48;2;220;220;220m▄[38;2;221;155;150;48;2;220;220;220m▄[48;2;220;220;220m        [38;2;253;162;0;48;2;220;220;220m▄[38;2;231;94;46;48;2;220;220;220m▄[38;2;224;72;62;48;2;220;220;220m▄▄[48;2;253;162;0m   [48;2;224;72;62m [38;2;224;72;62;48;2;243;133;19m▄[38;2;227;83;54;48;2;253;162;0m▄[48;2;253;162;0m [38;2;253;162;0;48;2;225;77;58m▄[38;2;253;162;0;48;2;224;72;62m▄▄[48;2;253;162;0m [38;2;231;155;20;48;2;253;162;0m▄[38;2;219;151;32;48;2;250;161;2m▄[48;2;219;151;32m  [48;2;229;182;101m [48;2;253;253;253m                  [38;2;0;156;253;48;2;253;253;253m▄[38;2;0;156;253;48;2;79;174;235m▄[38;2;0;156;253;48;2;0;141;230m▄[48;2;0;156;253m        [48;2;179;196;215m [48;2;191;198;213m [49m [m
[49m [48;2;191;199;213m  [48;2;253;162;0m  [38;2;249;161;3;48;2;253;162;0m▄[38;2;237;161;15;48;2;253;162;0m▄▄[38;2;103;158;149;48;2;164;159;88m▄[38;2;0;156;253;48;2;94;158;158m▄▄▄[38;2;0;156;253;48;2;77;157;175m▄[48;2;0;156;253m        [38;2;0;154;251;48;2;0;149;243m▄[38;2;0;147;240;48;2;0;144;236m▄[48;2;0;139;227m [48;2;253;162;0m  [38;2;253;161;0;48;2;253;162;0m▄[38;2;253;157;5;48;2;253;162;0m▄▄[38;2;253;134;35;48;2;253;136;31m▄[48;2;253;95;85m [38;2;252;94;84;48;2;253;95;85m▄▄[38;2;251;93;83;48;2;252;94;84m▄[38;2;238;86;76;48;2;239;87;77m▄[48;2;225;73;63m [48;2;224;72;62m  [38;2;225;77;58;48;2;224;72;62m▄[38;2;241;125;25;48;2;233;134;73m▄[38;2;253;162;0;48;2;240;183;82m▄[38;2;253;157;5;48;2;240;183;82m▄[38;2;253;161;0;48;2;240;183;82m▄[38;2;253;160;1;48;2;240;183;82m▄[38;2;253;157;5;48;2;240;183;82m▄[38;2;253;162;0;48;2;240;183;82m▄[38;2;246;124;38;48;2;236;160;106m▄[38;2;239;87;77;48;2;231;136;130m▄[38;2;252;157;4;48;2;253;162;0m▄[38;2;232;97;44;48;2;231;94;46m▄[38;2;225;76;58;48;2;224;72;62m▄[48;2;224;72;62m [48;2;253;162;0m   [38;2;225;77;58;48;2;224;72;62m▄▄[38;2;229;88;50;48;2;227;83;54m▄[48;2;253;162;0m  [38;2;252;161;0;48;2;253;162;0m▄[38;2;250;161;2;48;2;253;162;0m▄[38;2;219;151;32;48;2;231;155;20m▄[38;2;219;151;32;48;2;223;152;27m▄[48;2;219;151;32m [38;2;221;157;45;48;2;219;151;32m▄[38;2;249;241;227;48;2;237;206;152m▄[38;2;248;251;253;48;2;244;226;196m▄[38;2;237;246;253;48;2;253;253;253m▄▄▄▄▄▄▄▄▄▄▄[48;2;253;253;253m       [38;2;15;162;253;48;2;0;156;253m▄[38;2;4;157;253;48;2;0;156;253m▄[48;2;0;156;253m         [48;2;179;196;215m [48;2;191;198;213m [49m [m
[49m [48;2;191;199;213m  [48;2;253;162;0m [38;2;59;157;193;48;2;253;162;0m▄[38;2;23;156;229;48;2;189;160;63m▄[48;2;0;156;253m               [48;2;0;139;227m   [48;2;253;162;0m  [48;2;253;153;10m [48;2;253;95;85m  [38;2;248;92;82;48;2;253;95;85m▄[38;2;240;88;78;48;2;253;95;85m▄[38;2;225;73;63;48;2;239;87;77m▄▄[38;2;225;73;63;48;2;238;86;76m▄[48;2;224;72;62m    [48;2;253;162;0m   [48;2;253;95;85m [48;2;253;149;15m [48;2;253;145;21m [48;2;253;95;85m [48;2;253;162;0m [48;2;253;128;42m [48;2;253;95;85m [48;2;239;87;77m [48;2;249;143;19m [48;2;247;145;11m [48;2;224;72;62m [48;2;253;162;0m       [38;2;225;152;26;48;2;253;162;0m▄[38;2;221;151;29;48;2;240;157;12m▄[48;2;219;151;32m [38;2;248;240;225;48;2;219;151;32m▄▄[38;2;249;241;227;48;2;221;157;45m▄[48;2;253;253;253m [38;2;59;178;253;48;2;253;253;253m▄[38;2;21;164;253;48;2;173;222;253m▄[48;2;0;156;253m           [38;2;31;153;230;48;2;253;253;253m▄[38;2;197;228;247;48;2;253;253;253m▄[48;2;253;253;253m      [38;2;231;244;253;48;2;79;186;253m▄[38;2;193;230;253;48;2;0;156;253m▄[48;2;0;156;253m      [38;2;0;155;251;48;2;0;156;253m▄[38;2;0;141;230;48;2;0;156;253m▄[38;2;179;195;214;48;2;179;196;215m▄[48;2;191;198;213m [49m [m
[49m [48;2;191;199;213m  [38;2;0;156;253;48;2;173;160;79m▄[38;2;0;156;253;48;2;21;156;231m▄[48;2;0;156;253m             [38;2;0;143;233;48;2;0;152;246m▄[38;2;0;139;227;48;2;0;150;244m▄▄[48;2;0;139;227m [38;2;110;149;127;48;2;34;142;195m▄[38;2;253;162;0;48;2;79;146;156m▄[48;2;253;162;0m  [38;2;253;162;0;48;2;253;156;7m▄[38;2;253;162;0;48;2;253;115;58m▄▄[38;2;253;162;0;48;2;249;113;56m▄[38;2;253;162;0;48;2;243;110;52m▄[38;2;253;162;0;48;2;233;100;42m▄[38;2;234;105;38;48;2;227;82;54m▄[48;2;224;72;62m     [48;2;253;162;0m [38;2;253;124;47;48;2;253;150;14m▄[38;2;253;95;85;48;2;253;141;26m▄[48;2;253;95;85m [48;2;253;149;15m [48;2;253;145;21m [48;2;253;95;85m [48;2;253;162;0m [48;2;253;128;42m [48;2;253;95;85m [38;2;253;162;0;48;2;243;110;52m▄[38;2;253;162;0;48;2;250;149;13m▄[38;2;253;162;0;48;2;249;150;7m▄[38;2;253;162;0;48;2;233;100;42m▄[48;2;253;162;0m       [48;2;221;151;30m [38;2;231;189;114;48;2;222;162;57m▄[38;2;253;253;253;48;2;229;182;101m▄[48;2;253;253;253m  [38;2;237;246;253;48;2;248;251;253m▄[38;2;0;156;253;48;2;173;222;253m▄[38;2;0;156;253;48;2;21;164;253m▄[48;2;0;156;253m         [38;2;0;139;227;48;2;0;150;244m▄▄▄[48;2;0;139;227m [48;2;189;224;246m [48;2;253;253;253m       [38;2;253;253;253;48;2;231;244;253m▄[38;2;253;253;253;48;2;79;186;253m▄[48;2;0;156;253m     [48;2;0;154;251m [48;2;0;139;227m [48;2;179;195;213m [48;2;191;198;213m [49m [m
[49m [48;2;191;199;213m  [48;2;0;156;253m       [38;2;0;145;236;48;2;0;156;253m▄[38;2;0;140;228;48;2;0;142;231m▄[48;2;0;139;227m  [38;2;158;210;243;48;2;0;139;227m▄▄▄[48;2;253;253;253m  [48;2;253;235;205m [48;2;253;162;0m                                   [48;2;253;253;253m    [38;2;104;196;253;48;2;253;253;253m▄[38;2;94;192;253;48;2;253;253;253m▄▄[48;2;0;156;253m           [38;2;0;147;239;48;2;0;156;253m▄[38;2;0;146;238;48;2;0;151;246m▄[38;2;0;149;243;48;2;0;139;227m▄▄▄▄▄[38;2;71;181;250;48;2;189;224;246m▄[38;2;124;203;253;48;2;253;253;253m▄[48;2;253;253;253m  [38;2;183;226;253;48;2;253;253;253m▄[38;2;94;192;253;48;2;253;253;253m▄[48;2;253;253;253m     [38;2;217;239;253;48;2;158;216;253m▄[38;2;158;216;253;48;2;0;156;253m▄[38;2;0;145;236;48;2;0;156;253m▄[38;2;0;140;230;48;2;0;144;235m▄[48;2;0;139;227m  [48;2;179;195;213m [48;2;191;198;213m [49m [m
[49m [48;2;191;199;213m  [48;2;0;156;253m     [38;2;0;146;238;48;2;0;155;252m▄[38;2;0;139;227;48;2;0;154;251m▄[48;2;0;139;227m  [38;2;47;160;231;48;2;2;140;227m▄[38;2;253;253;253;48;2;15;146;228m▄[48;2;253;253;253m    [38;2;253;184;63;48;2;253;248;241m▄[38;2;253;162;0;48;2;253;231;192m▄[48;2;253;162;0m      [38;2;248;160;4;48;2;252;161;0m▄[38;2;219;151;32;48;2;250;161;2m▄▄▄▄▄▄▄▄▄▄▄[48;2;253;162;0m               [38;2;253;201;110;48;2;253;164;6m▄[38;2;253;253;253;48;2;253;167;15m▄[48;2;253;253;253m  [38;2;221;240;253;48;2;251;252;253m▄[38;2;0;156;253;48;2;237;246;253m▄[38;2;0;156;253;48;2;14;161;253m▄[48;2;0;156;253m         [38;2;0;139;227;48;2;0;154;251m▄▄▄[48;2;0;156;253m [38;2;0;156;253;48;2;0;143;233m▄[38;2;0;156;253;48;2;0;144;234m▄[48;2;0;156;253m      [48;2;47;174;253m [48;2;253;253;253m [38;2;0;156;253;48;2;237;246;253m▄[38;2;110;198;253;48;2;140;209;253m▄[38;2;253;253;253;48;2;15;162;253m▄[48;2;253;253;253m       [38;2;253;253;253;48;2;15;146;228m▄[38;2;79;174;235;48;2;4;141;227m▄[48;2;0;139;227m  [48;2;179;195;213m [48;2;191;198;213m [49m [m
[49m [48;2;191;199;213m  [48;2;0;156;253m  [38;2;0;154;250;48;2;0;156;253m▄[38;2;0;150;244;48;2;0;156;253m▄[38;2;0;139;227;48;2;0;141;230m▄[38;2;0;139;227;48;2;0;139;228m▄[48;2;0;139;227m  [38;2;64;167;233;48;2;0;139;227m▄[38;2;111;189;238;48;2;47;160;231m▄[48;2;253;253;253m  [38;2;253;238;213;48;2;253;253;253m▄[38;2;253;224;173;48;2;253;253;253m▄▄[38;2;253;177;43;48;2;253;184;63m▄[48;2;253;162;0m     [38;2;242;158;10;48;2;253;162;0m▄[38;2;226;153;25;48;2;232;155;19m▄[38;2;219;151;32;48;2;222;152;28m▄[48;2;219;151;32m         [38;2;222;160;53;48;2;219;151;32m▄[38;2;229;182;101;48;2;219;151;32m▄[38;2;229;182;101;48;2;223;152;28m▄[38;2;242;187;88;48;2;239;157;12m▄[38;2;253;190;79;48;2;253;162;0m▄▄▄▄▄▄▄▄▄▄[38;2;253;202;111;48;2;253;176;41m▄[38;2;253;253;253;48;2;253;241;221m▄▄[38;2;253;253;253;48;2;253;246;235m▄[48;2;253;253;253m  [38;2;79;186;253;48;2;100;194;253m▄[38;2;0;156;253;48;2;27;166;253m▄[48;2;0;156;253m      [38;2;0;155;252;48;2;0;156;253m▄[38;2;0;150;244;48;2;0;156;253m▄[38;2;0;140;229;48;2;0;142;233m▄[38;2;24;150;229;48;2;0;141;230m▄[38;2;79;174;235;48;2;0;141;230m▄[38;2;79;174;235;48;2;0;139;227m▄▄▄[38;2;79;186;253;48;2;0;156;253m▄[38;2;14;161;253;48;2;0;156;253m▄[38;2;0;154;250;48;2;0;156;253m▄[38;2;0;150;244;48;2;0;156;253m▄▄[38;2;0;144;235;48;2;0;148;241m▄[38;2;0;139;227;48;2;0;141;230m▄[38;2;0;144;235;48;2;0;141;230m▄[38;2;0;149;242;48;2;0;152;247m▄[38;2;0;150;244;48;2;5;158;253m▄[38;2;0;150;244;48;2;31;168;253m▄[38;2;79;174;235;48;2;0;141;230m▄[38;2;155;208;242;48;2;110;190;240m▄[48;2;253;253;253m         [38;2;253;253;253;48;2;231;243;250m▄[38;2;253;253;253;48;2;221;238;249m▄▄[38;2;194;202;215;48;2;192;201;215m▄[48;2;191;198;213m [49m [m
[49m [48;2;191;199;213m  [48;2;0;156;253m [38;2;0;141;230;48;2;0;156;253m▄[38;2;0;139;227;48;2;0;151;246m▄[48;2;0;139;227m    [38;2;253;253;253;48;2;0;139;227m▄[38;2;253;253;253;48;2;205;231;248m▄[48;2;253;253;253m  [38;2;253;162;0;48;2;253;253;253m▄[38;2;253;162;0;48;2;253;207;126m▄[48;2;253;162;0m     [38;2;219;151;32;48;2;253;162;0m▄▄▄[48;2;219;151;32m         [38;2;221;157;45;48;2;219;151;32m▄[38;2;253;253;253;48;2;219;151;32m▄▄[38;2;253;253;253;48;2;229;182;101m▄[48;2;253;253;253m     [38;2;47;160;231;48;2;253;253;253m▄[38;2;63;167;233;48;2;253;253;253m▄[48;2;253;253;253m        [38;2;0;156;253;48;2;253;253;253m▄▄▄[48;2;253;253;253m [48;2;79;186;253m [38;2;31;168;253;48;2;0;156;253m▄[38;2;253;253;253;48;2;0;156;253m▄▄▄▄▄[38;2;94;181;236;48;2;0;156;253m▄[38;2;0;139;227;48;2;0;154;251m▄[48;2;0;139;227m [38;2;221;238;249;48;2;0;139;227m▄[38;2;253;253;253;48;2;79;174;235m▄[48;2;253;253;253m    [38;2;0;156;253;48;2;253;253;253m▄[38;2;0;142;231;48;2;47;174;253m▄[38;2;63;167;233;48;2;0;151;246m▄[38;2;253;253;253;48;2;0;139;227m▄▄[38;2;126;204;253;48;2;0;139;227m▄[38;2;0;156;253;48;2;0;139;227m▄[38;2;0;139;227;48;2;0;156;253m▄[38;2;0;139;227;48;2;0;143;233m▄[38;2;47;160;231;48;2;0;139;227m▄[38;2;253;253;253;48;2;0;139;227m▄[48;2;253;253;253m              [48;2;194;202;215m [48;2;191;198;213m [49m [m
[49m [48;2;191;199;213m  [38;2;0;139;227;48;2;0;145;236m▄[38;2;0;139;227;48;2;0;139;228m▄[48;2;0;139;227m  [38;2;15;146;228;48;2;0;139;227m▄[38;2;149;206;242;48;2;88;179;236m▄[38;2;253;253;253;48;2;158;210;243m▄[48;2;253;253;253m  [38;2;253;251;250;48;2;253;253;253m▄[38;2;253;247;237;48;2;253;253;253m▄[48;2;253;162;0m     [38;2;244;159;8;48;2;249;160;3m▄[38;2;205;150;44;48;2;231;155;20m▄[38;2;205;150;44;48;2;219;151;32m▄▄▄▄▄▄▄[38;2;12;139;215;48;2;90;143;146m▄[38;2;0;139;227;48;2;82;143;153m▄▄[38;2;237;245;251;48;2;240;214;170m▄▄[38;2;237;245;251;48;2;241;217;175m▄[38;2;237;245;251;48;2;253;253;253m▄▄[38;2;242;248;251;48;2;253;253;253m▄[48;2;253;253;253m [38;2;15;146;228;48;2;94;181;236m▄[38;2;149;206;242;48;2;183;221;245m▄[48;2;253;253;253m  [38;2;253;253;253;48;2;175;218;245m▄[38;2;253;253;253;48;2;181;220;245m▄[48;2;253;253;253m        [38;2;15;162;253;48;2;0;156;253m▄[38;2;119;201;253;48;2;69;182;253m▄[38;2;253;253;253;48;2;158;216;253m▄[48;2;253;253;253m [38;2;253;253;253;48;2;187;227;253m▄[38;2;253;253;253;48;2;169;221;253m▄[48;2;253;253;253m  [38;2;164;212;243;48;2;193;226;246m▄[38;2;15;146;228;48;2;94;181;236m▄[48;2;253;253;253m [38;2;243;249;253;48;2;193;226;246m▄[38;2;238;247;253;48;2;158;210;243m▄[38;2;253;253;253;48;2;158;210;243m▄[38;2;253;253;253;48;2;241;247;251m▄[38;2;248;251;253;48;2;253;253;253m▄[38;2;237;246;253;48;2;253;253;253m▄[38;2;0;154;251;48;2;94;192;253m▄[38;2;8;149;238;48;2;94;186;243m▄[38;2;15;146;228;48;2;94;181;236m▄[38;2;253;253;253;48;2;158;216;253m▄[38;2;253;253;253;48;2;158;211;245m▄[38;2;253;253;253;48;2;181;220;245m▄[48;2;253;253;253m  [38;2;126;196;240;48;2;126;199;244m▄[38;2;0;139;227;48;2;0;145;236m▄[38;2;253;253;253;48;2;158;210;243m▄▄[38;2;253;253;253;48;2;175;218;245m▄[48;2;253;253;253m               [48;2;194;202;215m [48;2;191;198;213m [49m [m
[49m [48;2;191;199;213m  [48;2;0;139;227m  [38;2;55;163;232;48;2;0;139;227m▄[38;2;221;238;249;48;2;0;139;227m▄[48;2;253;253;253m    [38;2;253;188;73;48;2;253;253;253m▄[38;2;253;171;25;48;2;253;235;205m▄[48;2;253;162;0m    [38;2;31;141;198;48;2;253;162;0m▄▄[38;2;25;141;203;48;2;205;157;42m▄[48;2;0;139;227m            [38;2;138;201;241;48;2;0;139;227m▄[38;2;221;238;249;48;2;0;139;227m▄▄▄[38;2;231;243;250;48;2;79;174;235m▄[48;2;253;253;253m                         [38;2;31;168;253;48;2;253;253;253m▄[38;2;11;160;253;48;2;94;192;253m▄[48;2;15;162;253m [48;2;253;253;253m  [38;2;243;249;253;48;2;173;222;253m▄[38;2;221;240;253;48;2;0;156;253m▄[38;2;221;238;249;48;2;0;139;227m▄[38;2;239;246;251;48;2;142;203;241m▄[48;2;253;253;253m   [38;2;197;228;247;48;2;253;253;253m▄[38;2;31;153;230;48;2;253;253;253m▄▄[48;2;126;196;240m [38;2;221;238;249;48;2;0;139;227m▄[48;2;253;253;253m                  [48;2;194;202;215m [48;2;191;198;213m [49m [m
[49m [48;2;191;199;213m  [48;2;0;139;227m  [48;2;63;167;233m [48;2;253;253;253m    [38;2;253;162;0;48;2;253;224;173m▄[38;2;253;162;0;48;2;253;173;32m▄[48;2;253;162;0m   [38;2;126;150;113;48;2;213;158;35m▄[38;2;0;139;227;48;2;173;154;70m▄[48;2;0;139;227m              [38;2;253;253;253;48;2;79;174;235m▄[38;2;253;253;253;48;2;187;223;246m▄[48;2;253;253;253m                          [38;2;15;162;253;48;2;178;224;253m▄[38;2;0;156;253;48;2;173;222;253m▄▄[48;2;0;156;253m [38;2;158;216;253;48;2;49;174;253m▄[38;2;253;253;253;48;2;89;190;253m▄[48;2;253;253;253m        [38;2;47;160;231;48;2;188;224;246m▄[38;2;0;139;227;48;2;130;197;240m▄[48;2;0;139;227m [38;2;253;253;253;48;2;79;174;235m▄[38;2;253;253;253;48;2;166;213;244m▄[48;2;253;253;253m                   [48;2;194;202;215m [48;2;191;198;213m [49m [m
[49m [48;2;191;199;213m  [48;2;0;139;227m  [48;2;63;167;233m [48;2;253;253;253m [38;2;253;196;94;48;2;253;253;253m▄[38;2;253;176;41;48;2;253;201;110m▄[48;2;253;162;0m   [38;2;223;159;26;48;2;253;162;0m▄[38;2;94;147;141;48;2;253;162;0m▄▄[38;2;47;143;184;48;2;126;150;113m▄[48;2;0;139;227m  [38;2;118;192;239;48;2;0;139;227m▄[38;2;158;210;243;48;2;0;139;227m▄▄▄▄▄▄▄▄▄[38;2;98;183;237;48;2;237;245;251m▄[38;2;94;181;236;48;2;253;253;253m▄▄▄[38;2;193;226;246;48;2;253;253;253m▄[48;2;253;253;253m                      [38;2;158;216;253;48;2;0;156;253m▄▄▄▄▄[38;2;193;230;253;48;2;94;192;253m▄[48;2;253;253;253m                                    [48;2;194;202;215m [48;2;191;198;213m [49m [m
[49m [48;2;191;199;213m  [48;2;0;139;227m [38;2;221;238;249;48;2;13;145;228m▄[38;2;253;253;253;48;2;75;172;234m▄[48;2;253;253;253m [48;2;253;162;0m     [48;2;205;157;42m [48;2;0;139;227m    [38;2;253;253;253;48;2;15;146;228m▄[38;2;253;253;253;48;2;193;226;246m▄[48;2;253;253;253m     [38;2;0;139;227;48;2;237;245;251m▄▄▄▄[38;2;0;139;227;48;2;14;145;228m▄[38;2;94;181;236;48;2;5;141;227m▄[38;2;253;253;253;48;2;15;146;228m▄▄[38;2;253;253;253;48;2;164;212;243m▄[48;2;253;253;253m                                                                [48;2;194;202;215m [48;2;191;198;213m [49m [m
[49m [48;2;191;199;213m  [38;2;253;224;173;48;2;221;238;249m▄[38;2;253;169;21;48;2;249;181;58m▄[38;2;253;162;0;48;2;253;173;31m▄▄[48;2;253;162;0m   [38;2;173;154;70;48;2;253;162;0m▄[38;2;32;141;197;48;2;73;145;161m▄[38;2;0;139;227;48;2;25;141;203m▄[48;2;0;139;227m  [38;2;39;156;231;48;2;0;139;227m▄[38;2;79;174;235;48;2;0;139;227m▄[48;2;253;253;253m  [38;2;238;246;251;48;2;253;253;253m▄[38;2;173;217;244;48;2;253;253;253m▄[48;2;253;253;253m   [38;2;253;253;253;48;2;221;238;249m▄▄▄▄▄[38;2;253;253;253;48;2;233;244;250m▄[48;2;253;253;253m                                                                   [48;2;194;202;215m [48;2;191;198;213m [49m [m
[49m [48;2;191;199;213m  [48;2;253;162;0m       [48;2;0;139;227m    [38;2;253;253;253;48;2;0;139;227m▄[38;2;253;253;253;48;2;126;196;240m▄[48;2;253;253;253m   [38;2;253;253;253;48;2;205;231;248m▄[38;2;253;253;253;48;2;0;139;227m▄[48;2;253;253;253m                                                                            [48;2;194;202;215m [48;2;191;198;213m [49m [m
[49m [48;2;191;199;213m  [48;2;253;162;0m    [38;2;237;160;14;48;2;253;162;0m▄[38;2;103;148;133;48;2;164;153;79m▄[38;2;0;139;227;48;2;94;147;141m▄[48;2;0;139;227m [38;2;12;144;228;48;2;0;139;227m▄[38;2;60;166;233;48;2;29;152;230m▄[38;2;253;253;253;48;2;158;210;243m▄[48;2;253;253;253m                                                                                   [48;2;194;202;215m [48;2;191;198;213m [49m [m
[49m [48;2;191;199;213m  [48;2;253;162;0m  [38;2;197;156;49;48;2;253;162;0m▄[38;2;31;141;198;48;2;253;162;0m▄[48;2;0;139;227m   [38;2;221;238;249;48;2;0;139;227m▄[38;2;247;250;252;48;2;205;231;248m▄[48;2;253;253;253m                                                                                     [48;2;194;202;215m [48;2;191;198;213m [49m [m
[49m [48;2;191;199;213m  [38;2;0;139;227;48;2;173;154;70m▄▄[38;2;0;139;227;48;2;130;150;109m▄[48;2;0;139;227m  [38;2;142;203;241;48;2;44;159;231m▄[38;2;253;253;253;48;2;79;174;235m▄[48;2;253;253;253m                                                                                       [48;2;194;202;215m [48;2;191;198;213m [49m [m
[49m [48;2;191;199;213m  [48;2;0;139;227m    [38;2;158;210;243;48;2;0;139;227m▄[38;2;211;234;248;48;2;142;203;241m▄[48;2;253;253;253m                                                                                        [48;2;194;202;215m [48;2;191;198;213m [49m [m
[49m [48;2;191;199;213m  [48;2;0;139;227m  [38;2;63;167;233;48;2;3;140;227m▄[38;2;253;253;253;48;2;15;146;228m▄[48;2;253;253;253m                                                                                          [48;2;194;202;215m [48;2;191;198;213m [49m [m
[49m [48;2;191;199;213m  [38;2;253;253;253;48;2;221;238;249m▄▄[38;2;253;253;253;48;2;229;242;250m▄[48;2;253;253;253m                                                                                           [48;2;194;202;215m [48;2;191;198;213m [49m [m
[49m [48;2;191;199;213m  [48;2;253;253;253m                                                                                              [48;2;194;202;215m [48;2;191;198;213m [49m [m
[49m [48;2;191;199;213m  [48;2;253;253;253m               [38;2;244;245;245;48;2;253;253;253m▄[38;2;211;216;217;48;2;232;234;235m▄[38;2;79;99;103;48;2;144;156;159m▄▄▄▄▄[38;2;198;204;206;48;2;219;222;223m▄[48;2;253;253;253m     [38;2;242;243;243;48;2;253;253;253m▄[38;2;140;153;155;48;2;185;192;194m▄[38;2;79;99;103;48;2;144;156;159m▄[38;2;89;108;112;48;2;144;156;159m▄[38;2;80;100;104;48;2;144;156;159m▄[38;2;129;144;146;48;2;178;186;188m▄[38;2;242;243;243;48;2;253;253;253m▄[48;2;253;253;253m     [38;2;212;216;217;48;2;225;228;229m▄[38;2;89;108;112;48;2;144;156;159m▄[38;2;79;99;103;48;2;144;156;159m▄▄▄[38;2;89;108;112;48;2;144;156;159m▄[38;2;212;216;217;48;2;225;228;229m▄[38;2;220;224;224;48;2;232;234;235m▄[38;2;79;99;103;48;2;144;156;159m▄▄[38;2;83;103;107;48;2;144;156;159m▄[38;2;89;108;112;48;2;144;156;159m▄[48;2;253;253;253m    [38;2;100;117;121;48;2;151;162;165m▄[38;2;85;105;108;48;2;144;156;159m▄[38;2;79;99;103;48;2;144;156;159m▄▄[38;2;85;105;108;48;2;144;156;159m▄[38;2;89;108;112;48;2;144;156;159m▄▄[38;2;80;100;104;48;2;144;156;159m▄[38;2;79;99;103;48;2;144;156;159m▄▄[48;2;253;253;253m    [38;2;120;135;138;48;2;164;174;176m▄[38;2;87;106;110;48;2;144;156;159m▄[38;2;79;99;103;48;2;144;156;159m▄▄[38;2;84;103;107;48;2;144;156;159m▄[38;2;89;108;112;48;2;144;156;159m▄▄[38;2;81;101;105;48;2;144;156;159m▄[38;2;109;126;129;48;2;164;174;176m▄[38;2;242;243;243;48;2;253;253;253m▄[48;2;253;253;253m              [48;2;194;202;215m [48;2;191;198;213m [49m [m
[49m [48;2;191;199;213m  [48;2;253;253;253m               [38;2;236;238;238;48;2;122;137;140m▄[38;2;231;233;234;48;2;79;99;103m▄▄[48;2;79;99;103m   [38;2;231;233;234;48;2;79;99;103m▄[38;2;246;246;247;48;2;198;204;206m▄[48;2;253;253;253m   [38;2;195;202;203;48;2;253;253;253m▄[38;2;100;118;121;48;2;253;253;253m▄[48;2;79;99;103m [38;2;174;183;185;48;2;79;99;103m▄[38;2;232;234;235;48;2;89;108;112m▄[48;2;253;253;253m [38;2;233;236;236;48;2;100;118;121m▄[38;2;183;191;193;48;2;79;99;103m▄[48;2;79;99;103m [38;2;100;118;121;48;2;253;253;253m▄[38;2;186;194;195;48;2;253;253;253m▄[48;2;253;253;253m     [48;2;79;99;103m   [48;2;253;253;253m [38;2;138;151;154;48;2;253;253;253m▄[38;2;96;114;118;48;2;220;224;224m▄[48;2;79;99;103m [38;2;231;233;234;48;2;79;99;103m▄[38;2;240;242;242;48;2;155;166;168m▄[48;2;253;253;253m      [48;2;187;195;196m [48;2;79;99;103m  [48;2;187;195;196m [48;2;253;253;253m  [38;2;233;236;236;48;2;100;118;121m▄[38;2;231;233;234;48;2;79;99;103m▄▄[48;2;253;253;253m     [48;2;209;214;215m [48;2;79;99;103m  [48;2;166;176;178m [48;2;253;253;253m  [38;2;236;238;238;48;2;122;137;140m▄[38;2;202;208;209;48;2;79;99;103m▄[48;2;79;99;103m [48;2;253;253;253m              [48;2;194;202;215m [48;2;191;198;213m [49m [m
[49m [48;2;191;199;213m  [48;2;253;253;253m                  [48;2;79;99;103m   [48;2;253;253;253m     [48;2;187;195;196m [48;2;79;99;103m  [48;2;187;195;196m [48;2;253;253;253m   [48;2;198;204;206m [48;2;79;99;103m  [48;2;176;185;187m [48;2;253;253;253m     [48;2;79;99;103m   [38;2;79;99;103;48;2;198;204;206m▄[38;2;79;99;103;48;2;108;125;128m▄[38;2;111;127;131;48;2;89;108;111m▄[38;2;253;253;253;48;2;133;147;149m▄[48;2;253;253;253m        [48;2;187;195;196m [48;2;79;99;103m  [38;2;79;99;103;48;2;153;165;167m▄[38;2;79;99;103;48;2;198;204;206m▄▄▄[38;2;133;147;149;48;2;215;219;220m▄[48;2;253;253;253m      [48;2;209;214;215m [48;2;79;99;103m  [48;2;166;176;178m [48;2;253;253;253m  [38;2;122;137;140;48;2;212;216;217m▄[38;2;79;99;103;48;2;176;185;186m▄[48;2;79;99;103m [48;2;253;253;253m              [48;2;194;202;215m [48;2;191;198;213m [49m [m
[49m [48;2;191;199;213m  [48;2;253;253;253m            [38;2;198;204;206;48;2;253;253;253m▄[38;2;144;156;159;48;2;253;253;253m▄▄[38;2;225;228;229;48;2;253;253;253m▄[48;2;253;253;253m  [48;2;79;99;103m   [48;2;253;253;253m     [48;2;187;195;196m [48;2;79;99;103m  [48;2;187;195;196m [48;2;253;253;253m   [48;2;198;204;206m [48;2;79;99;103m  [48;2;176;185;187m [48;2;253;253;253m     [48;2;79;99;103m   [38;2;187;195;196;48;2;79;99;103m▄▄[38;2;167;177;179;48;2;79;99;103m▄[48;2;79;99;103m [38;2;144;156;159;48;2;253;253;253m▄[38;2;191;198;200;48;2;253;253;253m▄[48;2;253;253;253m      [48;2;187;195;196m [48;2;79;99;103m  [48;2;187;195;196m [48;2;253;253;253m          [48;2;209;214;215m [48;2;79;99;103m  [38;2;133;147;149;48;2;79;99;103m▄[38;2;187;195;196;48;2;79;99;103m▄[48;2;79;99;103m  [48;2;111;127;131m [48;2;253;253;253m               [48;2;194;202;215m [48;2;191;198;213m [49m [m
[49m [48;2;191;199;213m  [48;2;253;253;253m            [48;2;166;176;178m [48;2;79;99;103m  [38;2;79;99;103;48;2;201;207;208m▄[38;2;111;127;131;48;2;244;245;245m▄[48;2;253;253;253m [48;2;79;99;103m   [48;2;253;253;253m     [38;2;253;253;253;48;2;191;198;200m▄[38;2;253;253;253;48;2;89;108;112m▄[48;2;79;99;103m [38;2;79;99;103;48;2;180;189;190m▄[38;2;89;108;112;48;2;242;243;244m▄[48;2;253;253;253m [38;2;100;118;121;48;2;243;244;244m▄[38;2;79;99;103;48;2;191;198;199m▄[48;2;79;99;103m [38;2;253;253;253;48;2;89;108;112m▄[38;2;253;253;253;48;2;181;189;191m▄[48;2;253;253;253m     [48;2;79;99;103m   [48;2;253;253;253m  [48;2;220;224;224m [48;2;79;99;103m  [48;2;155;166;168m [48;2;253;253;253m      [48;2;187;195;196m [48;2;79;99;103m  [48;2;187;195;196m [48;2;253;253;253m  [38;2;100;118;121;48;2;243;244;244m▄[38;2;79;99;103;48;2;242;243;243m▄▄[48;2;253;253;253m     [48;2;209;214;215m [48;2;79;99;103m  [48;2;166;176;178m [48;2;253;253;253m [38;2;253;253;253;48;2;89;108;112m▄[38;2;122;137;140;48;2;81;101;105m▄[38;2;79;99;103;48;2;109;126;129m▄[38;2;79;99;103;48;2;242;243;243m▄[48;2;253;253;253m              [48;2;194;202;215m [48;2;191;198;213m [49m [m
[49m [48;2;191;199;213m  [48;2;253;253;253m            [38;2;253;253;253;48;2;242;243;243m▄[38;2;253;253;253;48;2;231;233;234m▄[38;2;133;147;149;48;2;79;99;103m▄▄[38;2;133;147;149;48;2;83;102;106m▄[38;2;133;147;149;48;2;100;118;121m▄[38;2;133;147;149;48;2;79;99;103m▄[38;2;185;193;194;48;2;145;157;160m▄[38;2;253;253;253;48;2;231;233;234m▄[48;2;253;253;253m       [38;2;253;253;253;48;2;231;233;234m▄[38;2;178;186;188;48;2;136;149;152m▄[38;2;133;147;149;48;2;80;100;104m▄[38;2;133;147;149;48;2;100;118;121m▄[38;2;133;147;149;48;2;81;101;105m▄[38;2;170;180;182;48;2;126;141;144m▄[38;2;253;253;253;48;2;231;233;234m▄[48;2;253;253;253m     [38;2;223;226;227;48;2;214;219;220m▄[38;2;133;147;149;48;2;100;118;121m▄[38;2;133;147;149;48;2;79;99;103m▄▄▄[38;2;133;147;149;48;2;100;118;121m▄[38;2;223;226;227;48;2;214;219;220m▄[38;2;230;233;233;48;2;220;224;224m▄[38;2;133;147;149;48;2;79;99;103m▄▄[38;2;133;147;149;48;2;88;107;111m▄[38;2;133;147;149;48;2;100;118;121m▄[48;2;253;253;253m    [38;2;140;153;156;48;2;110;126;129m▄[38;2;133;147;149;48;2;92;111;114m▄[38;2;133;147;149;48;2;79;99;103m▄▄[38;2;133;147;149;48;2;92;111;114m▄[38;2;133;147;149;48;2;100;118;121m▄▄[38;2;133;147;149;48;2;81;101;105m▄[38;2;133;147;149;48;2;79;99;103m▄▄[48;2;253;253;253m    [38;2;155;166;169;48;2;129;143;146m▄[38;2;133;147;149;48;2;95;113;117m▄[38;2;133;147;149;48;2;79;99;103m▄▄[38;2;193;200;201;48;2;166;176;178m▄[48;2;253;253;253m  [38;2;163;173;175;48;2;122;137;140m▄[38;2;133;147;149;48;2;79;99;103m▄▄[38;2;133;147;149;48;2;100;118;121m▄[38;2;185;193;194;48;2;167;177;179m▄[48;2;253;253;253m            [48;2;194;202;215m [48;2;191;198;213m [49m [m
[49m [48;2;191;199;213m  [48;2;253;253;253m                                                                                              [48;2;194;202;215m [48;2;191;198;213m [49m [m
[49m [48;2;191;199;213m  [48;2;253;253;253m                                                                                              [48;2;194;202;215m [48;2;191;198;213m [49m [m
[49m [48;2;191;199;213m  [48;2;253;253;253m                                                                                              [48;2;194;202;215m [48;2;191;198;213m [49m [m
[49m [48;2;191;199;213m  [48;2;253;253;253m                                                                                              [48;2;194;202;215m [48;2;191;198;213m [49m [m
[49m [38;2;190;199;212;48;2;191;199;213m▄[38;2;191;199;212;48;2;191;199;213m▄[38;2;214;219;228;48;2;253;253;253m▄[38;2;248;248;249;48;2;253;253;253m▄[48;2;253;253;253m                                                                                          [38;2;250;250;251;48;2;253;253;253m▄[38;2;214;219;228;48;2;253;253;253m▄[38;2;194;202;216;48;2;194;202;215m▄[38;2;192;200;212;48;2;191;198;213m▄[49m [m
[49m   [48;2;191;199;213m [38;2;191;199;213;48;2;241;243;245m▄[38;2;206;212;223;48;2;250;250;251m▄[48;2;253;253;253m                                                                                        [38;2;210;215;225;48;2;250;250;251m▄[38;2;191;199;213;48;2;245;246;248m▄[48;2;191;199;213m [48;2;187;204;221m [49m  [m
[49m   [49;38;2;189;197;214m▀▀[38;2;190;202;213;48;2;196;205;217m▄[38;2;191;198;213;48;2;198;205;218m▄▄▄▄▄▄▄▄▄▄▄▄▄▄▄▄▄▄▄▄▄▄▄▄▄▄▄▄▄▄▄▄▄▄▄▄▄▄▄▄▄▄▄▄▄▄▄▄▄▄▄▄▄▄▄▄▄▄▄▄▄▄▄▄▄▄▄▄▄▄▄▄▄▄▄▄▄▄▄▄▄▄▄▄▄▄▄▄[38;2;194;198;212;48;2;197;205;217m▄[49;38;2;189;197;214m▀▀[49m   [m
[49m                                                                                                    [m