[49m     [38;2;190;203;216;49m▄[38;2;191;199;213;49m▄▄▄▄▄▄▄▄▄▄▄▄▄▄▄▄▄▄▄▄▄▄▄▄▄▄▄▄▄▄▄▄▄▄▄▄▄▄▄▄▄▄▄▄▄▄▄▄▄▄▄▄▄▄▄▄▄▄▄▄▄▄▄▄▄▄▄▄▄▄▄▄▄▄▄▄▄▄▄▄▄▄▄▄▄▄▄▄[38;2;193;198;213;49m▄[49m     [m
[49m   [38;2;191;199;213;48;2;187;204;221m▄▄[38;2;206;212;223;48;2;194;201;214m▄[38;2;253;253;253;48;2;194;202;215m▄▄▄▄▄▄▄▄▄▄▄▄▄▄▄▄▄▄▄▄▄▄▄▄▄▄▄▄▄▄▄▄▄▄▄▄▄▄▄▄▄▄▄▄▄▄▄▄▄▄▄▄▄▄▄▄▄▄▄▄▄▄▄▄▄▄▄▄▄▄▄▄▄▄▄▄▄▄▄▄▄▄▄▄▄▄▄▄[38;2;210;215;225;48;2;196;201;215m▄[38;2;191;199;213;48;2;187;204;221m▄▄[38;2;187;204;221;49m▄[49m  [m
[49m [38;2;193;198;213;49m▄[38;2;190;200;213;49m▄[38;2;210;215;225;48;2;191;199;213m▄[38;2;247;248;249;48;2;238;240;243m▄[38;2;253;253;253;48;2;247;247;249m▄[48;2;253;253;253m                                                                                        [38;2;253;253;253;48;2;247;248;249m▄[38;2;250;250;251;48;2;241;243;245m▄[38;2;210;215;225;48;2;191;199;213m▄[38;2;196;201;215;48;2;187;204;221m▄[38;2;194;198;212;49m▄[49m [m
[49m [48;2;191;199;213m  [48;2;253;253;253m                                                                                              [48;2;194;202;215m [48;2;191;198;213m [49m [m
[49m [48;2;191;199;213m  [48;2;253;253;253m         [38;2;250;251;251;48;2;253;253;253m▄[38;2;242;243;243;48;2;253;253;253m▄▄▄▄▄[38;2;250;250;250;48;2;253;253;253m▄[48;2;253;253;253m                                                                              [48;2;194;202;215m [48;2;191;198;213m [49m [m
[49m [48;2;191;199;213m  [48;2;253;253;253m        [38;2;129;143;146;48;2;253;253;253m▄[38;2;96;114;118;48;2;220;224;224m▄[48;2;79;99;103m     [48;2;209;214;215m [48;2;253;253;253m                                                                              [48;2;194;202;215m [48;2;191;198;213m [49m [m
[49m [48;2;191;199;213m  [48;2;253;253;253m        [38;2;253;253;253;48;2;155;166;169m▄[38;2;253;253;253;48;2;133;147;149m▄▄[48;2;79;99;103m   [38;2;253;253;253;48;2;133;147;149m▄[38;2;253;253;253;48;2;223;226;227m▄[48;2;253;253;253m                                                                              [48;2;194;202;215m [48;2;191;198;213m [49m [m
[49m [48;2;191;199;213m  [48;2;253;253;253m           [48;2;79;99;103m   [48;2;253;253;253m                                                                                [48;2;194;202;215m [48;2;191;198;213m [49m [m
[49m [48;2;191;199;213m  [48;2;253;253;253m     [38;2;155;166;168;48;2;246;247;247m▄[38;2;79;99;103;48;2;242;243;243m▄▄[38;2;220;224;224;48;2;250;251;251m▄[48;2;253;253;253m  [48;2;79;99;103m   [48;2;253;253;253m                                                                                [48;2;194;202;215m [48;2;191;198;213m [49m [m
[49m [48;2;191;199;213m  [48;2;253;253;253m     [38;2;185;193;194;48;2;155;166;168m▄[38;2;133;147;149;48;2;79;99;103m▄[48;2;79;99;103m [38;2;79;99;103;48;2;96;114;118m▄[38;2;101;118;122;48;2;129;143;146m▄[38;2;198;204;206;48;2;253;253;253m▄[48;2;79;99;103m [38;2;106;123;126;48;2;79;99;103m▄[38;2;133;147;149;48;2;79;99;103m▄[48;2;253;253;253m                                                                                [48;2;194;202;215m [48;2;191;198;213m [49m [m
[49m [48;2;191;199;213m  [48;2;253;253;253m       [38;2;253;253;253;48;2;79;99;103m▄▄▄▄▄[38;2;253;253;253;48;2;166;176;178m▄[48;2;253;253;253m                                    [38;2;79;99;103;48;2;253;253;253m▄▄▄▄▄▄▄[38;2;242;243;243;48;2;253;253;253m▄[48;2;253;253;253m                                     [48;2;194;202;215m [48;2;191;198;213m [49m [m
[49m [48;2;191;199;213m  [48;2;253;253;253m       [38;2;242;243;243;48;2;253;253;253m▄[38;2;109;126;129;48;2;164;174;176m▄[38;2;81;100;104;48;2;144;156;159m▄[38;2;89;108;112;48;2;144;156;159m▄[38;2;79;99;103;48;2;144;156;159m▄[38;2;160;171;173;48;2;198;204;206m▄[38;2;242;243;243;48;2;253;253;253m▄[48;2;253;253;253m                               [38;2;242;243;243;48;2;253;253;253m▄[38;2;116;137;145;48;2;171;180;182m▄[38;2;74;102;112;48;2;144;156;159m▄▄[38;2;0;156;253;48;2;29;134;196m▄▄▄▄▄▄▄[38;2;69;105;121;48;2;137;155;161m▄[38;2;137;155;161;48;2;185;192;194m▄[38;2;242;243;243;48;2;253;253;253m▄[48;2;253;253;253m                                   [48;2;194;202;215m [48;2;191;198;213m [49m [m
[49m [48;2;191;199;213m  [48;2;253;253;253m     [38;2;167;177;179;48;2;253;253;253m▄[38;2;100;118;121;48;2;253;253;253m▄[48;2;79;99;103m [38;2;202;208;209;48;2;79;99;103m▄[38;2;235;237;237;48;2;111;127;131m▄[48;2;253;253;253m [38;2;231;233;234;48;2;79;99;103m▄[38;2;155;166;168;48;2;79;99;103m▄[48;2;79;99;103m [38;2;100;118;121;48;2;253;253;253m▄[38;2;214;219;220;48;2;253;253;253m▄[48;2;253;253;253m                           [38;2;176;185;187;48;2;253;253;253m▄[38;2;100;118;121;48;2;253;253;253m▄[38;2;9;148;234;48;2;79;99;103m▄[38;2;2;154;248;48;2;19;141;215m▄[48;2;0;156;253m          [38;2;3;153;245;48;2;29;134;196m▄[38;2;9;148;234;48;2;79;99;103m▄[38;2;100;118;121;48;2;253;253;253m▄[38;2;195;202;203;48;2;253;253;253m▄[48;2;253;253;253m                                 [48;2;194;202;215m [48;2;191;198;213m [49m [m
[49m [48;2;191;199;213m  [48;2;253;253;253m     [48;2;155;166;168m [48;2;79;99;103m  [48;2;220;224;224m [48;2;253;253;253m   [48;2;166;176;178m [48;2;79;99;103m  [48;2;209;214;215m [48;2;253;253;253m                          [38;2;79;99;103;48;2;198;204;206m▄[38;2;39;127;178;48;2;126;160;178m▄[38;2;0;156;253;48;2;54;116;149m▄[48;2;0;156;253m         [38;2;9;148;234;48;2;3;153;247m▄[38;2;79;99;103;48;2;24;138;206m▄▄▄▄[48;2;79;99;103m [48;2;187;195;196m [48;2;253;253;253m                                 [48;2;194;202;215m [48;2;191;198;213m [49m [m
[49m [48;2;191;199;213m  [48;2;253;253;253m     [48;2;155;166;168m [48;2;79;99;103m  [48;2;220;224;224m [48;2;253;253;253m   [48;2;166;176;178m [48;2;79;99;103m  [48;2;209;214;215m [48;2;253;253;253m                        [48;2;209;214;215m [48;2;79;99;103m [48;2;0;156;253m           [48;2;54;116;149m [48;2;100;118;121m [48;2;253;253;253m     [48;2;144;156;159m [48;2;89;108;112m [48;2;253;253;253m                                [48;2;194;202;215m [48;2;191;198;213m [49m [m
[49m [48;2;191;199;213m  [48;2;253;253;253m     [38;2;253;253;253;48;2;161;171;173m▄[38;2;253;253;253;48;2;89;108;112m▄[48;2;79;99;103m [38;2;79;99;103;48;2;211;216;217m▄[38;2;111;127;131;48;2;244;245;245m▄[48;2;253;253;253m [38;2;79;99;103;48;2;242;243;243m▄[38;2;79;99;103;48;2;160;171;173m▄[48;2;79;99;103m [38;2;253;253;253;48;2;89;108;112m▄[38;2;253;253;253;48;2;212;216;217m▄[48;2;253;253;253m                       [38;2;111;127;131;48;2;244;245;245m▄[38;2;59;113;140;48;2;200;208;210m▄[38;2;0;156;253;48;2;74;102;112m▄[48;2;0;156;253m           [48;2;54;116;149m [48;2;100;118;121m [48;2;253;253;253m     [48;2;144;156;159m [48;2;89;108;112m [48;2;253;253;253m                                [48;2;194;202;215m [48;2;191;198;213m [49m [m
[49m [48;2;191;199;213m  [48;2;253;253;253m       [38;2;253;253;253;48;2;231;233;234m▄[38;2;155;166;169;48;2;107;124;127m▄[38;2;133;147;149;48;2;83;102;106m▄[38;2;133;147;149;48;2;100;118;121m▄[38;2;133;147;149;48;2;79;99;103m▄[38;2;193;200;201;48;2;155;166;168m▄[38;2;253;253;253;48;2;231;233;234m▄[48;2;253;253;253m                        [38;2;198;204;206;48;2;253;253;253m▄[38;2;81;133;160;48;2;111;127;131m▄[38;2;40;126;175;48;2;59;113;140m▄[48;2;0;156;253m            [38;2;37;129;182;48;2;54;116;149m▄[38;2;57;114;144;48;2;81;101;105m▄[38;2;79;99;103;48;2;100;118;121m▄[38;2;191;198;199;48;2;243;244;244m▄[38;2;198;204;206;48;2;253;253;253m▄▄[38;2;133;147;149;48;2;100;118;121m▄[38;2;208;213;214;48;2;182;190;192m▄[38;2;253;253;253;48;2;232;234;235m▄[48;2;253;253;253m                                [48;2;194;202;215m [48;2;191;198;213m [49m [m
[49m [48;2;191;199;213m  [48;2;253;253;253m     [38;2;155;166;168;48;2;253;253;253m▄[38;2;79;99;103;48;2;253;253;253m▄▄▄▄▄[48;2;253;253;253m [38;2;166;176;178;48;2;253;253;253m▄[38;2;79;99;103;48;2;253;253;253m▄▄▄[38;2;111;127;131;48;2;253;253;253m▄[48;2;253;253;253m                     [48;2;79;99;103m [48;2;14;145;224m [48;2;0;156;253m              [48;2;9;148;234m [48;2;79;99;103m [38;2;242;243;243;48;2;79;99;103m▄[38;2;253;253;253;48;2;79;99;103m▄▄[48;2;253;253;253m                                   [48;2;194;202;215m [48;2;191;198;213m [49m [m
[49m [48;2;191;199;213m  [48;2;253;253;253m     [38;2;253;253;253;48;2;216;220;221m▄[38;2;253;253;253;48;2;187;195;196m▄[48;2;79;99;103m  [38;2;111;127;131;48;2;99;117;120m▄[38;2;253;253;253;48;2;187;195;196m▄[38;2;242;243;243;48;2;253;253;253m▄[38;2;160;171;173;48;2;166;176;178m▄[48;2;79;99;103m [38;2;89;108;112;48;2;79;99;103m▄[38;2;212;216;217;48;2;160;171;173m▄[38;2;253;253;253;48;2;199;206;207m▄[48;2;253;253;253m                   [38;2;155;166;168;48;2;191;198;200m▄[38;2;79;99;103;48;2;144;156;159m▄[38;2;0;156;253;48;2;29;134;196m▄[38;2;0;156;253;48;2;5;151;242m▄[48;2;0;156;253m              [38;2;0;156;253;48;2;3;153;245m▄[38;2;0;156;253;48;2;29;134;196m▄[38;2;74;102;112;48;2;137;155;161m▄[38;2;144;156;159;48;2;185;192;194m▄[48;2;253;253;253m                                    [48;2;194;202;215m [48;2;191;198;213m [49m [m
[49m [48;2;191;199;213m  [48;2;253;253;253m       [48;2;79;99;103m  [38;2;83;102;106;48;2;111;127;131m▄[38;2;100;118;121;48;2;253;253;253m▄[48;2;79;99;103m [38;2;155;166;168;48;2;79;99;103m▄[38;2;231;233;234;48;2;79;99;103m▄[48;2;253;253;253m                     [38;2;100;118;121;48;2;253;253;253m▄[38;2;49;135;185;48;2;155;166;168m▄[38;2;9;148;234;48;2;79;99;103m▄[48;2;0;156;253m                  [38;2;9;149;235;48;2;74;102;112m▄[38;2;43;137;192;48;2;144;156;159m▄[38;2;100;118;121;48;2;253;253;253m▄[48;2;253;253;253m                                   [48;2;194;202;215m [48;2;191;198;213m [49m [m
[49m [48;2;191;199;213m  [48;2;253;253;253m       [48;2;79;99;103m     [38;2;79;99;103;48;2;138;151;154m▄[38;2;79;99;103;48;2;198;204;206m▄[48;2;253;253;253m                     [48;2;79;99;103m [48;2;34;131;187m [48;2;0;156;253m                    [48;2;29;134;196m [48;2;79;99;103m [48;2;253;253;253m                                   [48;2;194;202;215m [48;2;191;198;213m [49m [m
[49m [48;2;191;199;213m  [48;2;253;253;253m       [48;2;79;99;103m  [48;2;111;127;131m [48;2;253;253;253m  [48;2;166;176;178m [48;2;79;99;103m  [48;2;209;214;215m [48;2;253;253;253m                 [38;2;219;222;223;48;2;253;253;253m▄[38;2;144;156;159;48;2;253;253;253m▄[38;2;29;134;196;48;2;79;99;103m▄[38;2;12;146;228;48;2;34;131;187m▄[48;2;0;156;253m                    [38;2;11;147;231;48;2;29;134;196m▄[38;2;29;134;196;48;2;79;99;103m▄[38;2;144;156;159;48;2;253;253;253m▄[38;2;212;216;217;48;2;253;253;253m▄[48;2;253;253;253m                                 [48;2;194;202;215m [48;2;191;198;213m [49m [m
[49m [48;2;191;199;213m  [48;2;253;253;253m     [38;2;155;166;168;48;2;246;247;247m▄[38;2;79;99;103;48;2;242;243;243m▄[48;2;79;99;103m  [38;2;79;99;103;48;2;109;126;129m▄[38;2;79;99;103;48;2;242;243;243m▄[48;2;253;253;253m [48;2;166;176;178m [48;2;79;99;103m  [38;2;79;99;103;48;2;201;207;208m▄[38;2;111;127;131;48;2;244;245;245m▄[48;2;253;253;253m                [48;2;198;204;206m [48;2;79;99;103m [48;2;0;156;253m                        [48;2;79;99;103m [48;2;187;195;196m [48;2;253;253;253m                                 [48;2;194;202;215m [48;2;191;198;213m [49m [m
[49m [48;2;191;199;213m  [48;2;253;253;253m     [38;2;222;225;226;48;2;240;242;242m▄[38;2;198;204;206;48;2;231;233;234m▄▄▄▄▄[38;2;198;204;206;48;2;253;253;253m▄[38;2;198;204;206;48;2;242;243;243m▄[38;2;198;204;206;48;2;231;233;234m▄▄[38;2;239;240;241;48;2;231;233;234m▄[38;2;253;253;253;48;2;235;237;237m▄[48;2;253;253;253m               [38;2;100;118;121;48;2;119;135;138m▄[38;2;54;116;149;48;2;72;127;156m▄[38;2;0;156;253;48;2;9;148;234m▄[48;2;0;156;253m                        [38;2;0;156;253;48;2;9;148;234m▄[38;2;49;120;159;48;2;66;129;163m▄[38;2;89;108;112;48;2;110;126;129m▄[48;2;253;253;253m                                [48;2;194;202;215m [48;2;191;198;213m [49m [m
[49m [48;2;191;199;213m  [48;2;253;253;253m     [38;2;253;253;253;48;2;155;166;168m▄[38;2;253;253;253;48;2;79;99;103m▄[48;2;79;99;103m  [38;2;111;127;131;48;2;79;99;103m▄[38;2;253;253;253;48;2;79;99;103m▄▄[38;2;166;176;178;48;2;79;99;103m▄[48;2;79;99;103m  [48;2;209;214;215m [48;2;253;253;253m              [38;2;242;243;243;48;2;253;253;253m▄[38;2;79;99;103;48;2;253;253;253m▄[38;2;9;148;234;48;2;100;118;121m▄[38;2;0;156;253;48;2;54;116;149m▄[48;2;0;156;253m         [38;2;126;204;253;48;2;0;156;253m▄[38;2;253;253;253;48;2;0;156;253m▄▄▄▄▄▄[38;2;142;210;253;48;2;0;156;253m▄[48;2;0;156;253m         [38;2;0;156;253;48;2;49;120;159m▄[38;2;4;152;243;48;2;89;108;112m▄[38;2;79;99;103;48;2;253;253;253m▄[38;2;231;233;234;48;2;253;253;253m▄[48;2;253;253;253m                              [48;2;194;202;215m [48;2;191;198;213m [49m [m
[49m [48;2;191;199;213m  [48;2;253;253;253m       [48;2;79;99;103m  [38;2;109;126;129;48;2;111;127;131m▄[38;2;242;243;243;48;2;253;253;253m▄▄[38;2;242;243;243;48;2;220;224;224m▄[38;2;242;243;243;48;2;187;195;196m▄[38;2;253;253;253;48;2;187;195;196m▄[38;2;253;253;253;48;2;236;238;238m▄[48;2;253;253;253m              [48;2;242;243;243m [48;2;79;99;103m [48;2;9;148;234m [48;2;0;156;253m     [38;2;15;162;253;48;2;0;156;253m▄[38;2;208;235;253;48;2;128;205;253m▄[38;2;253;253;253;48;2;158;216;253m▄▄▄[38;2;253;253;253;48;2;205;234;253m▄[48;2;253;253;253m      [38;2;253;253;253;48;2;211;237;253m▄[38;2;253;253;253;48;2;158;216;253m▄▄▄[38;2;223;241;253;48;2;138;209;253m▄[38;2;15;162;253;48;2;0;156;253m▄[48;2;0;156;253m     [48;2;4;152;243m [48;2;79;99;103m [48;2;231;233;234m [48;2;253;253;253m                              [48;2;194;202;215m [48;2;191;198;213m [49m [m
[49m [48;2;191;199;213m  [48;2;253;253;253m       [48;2;79;99;103m  [38;2;107;124;127;48;2;79;99;103m▄[38;2;231;233;234;48;2;79;99;103m▄▄▄▄[48;2;253;253;253m               [38;2;157;168;170;48;2;253;253;253m▄[38;2;95;120;128;48;2;242;243;243m▄[38;2;9;148;234;48;2;79;99;103m▄[38;2;1;155;250;48;2;9;148;234m▄[48;2;0;156;253m   [38;2;0;143;233;48;2;0;156;253m▄[38;2;0;133;218;48;2;0;156;253m▄[38;2;31;145;218;48;2;253;253;253m▄▄[38;2;86;172;226;48;2;253;253;253m▄[48;2;253;253;253m            [38;2;100;179;228;48;2;253;253;253m▄[38;2;31;145;218;48;2;253;253;253m▄▄[38;2;1;134;218;48;2;15;162;253m▄[38;2;0;141;231;48;2;0;156;253m▄[48;2;0;156;253m   [38;2;0;155;251;48;2;4;152;243m▄[38;2;9;148;234;48;2;79;99;103m▄[38;2;89;122;135;48;2;231;233;234m▄[38;2;148;160;162;48;2;253;253;253m▄[48;2;253;253;253m                             [48;2;194;202;215m [48;2;191;198;213m [49m [m
[49m [48;2;191;199;213m  [48;2;253;253;253m       [48;2;79;99;103m  [48;2;111;127;131m [48;2;253;253;253m                   [48;2;144;156;159m [48;2;74;102;112m [48;2;0;156;253m    [38;2;0;130;213;48;2;0;147;240m▄[38;2;0;130;213;48;2;0;137;225m▄[48;2;0;130;213m   [38;2;0;130;213;48;2;43;151;219m▄[38;2;0;130;213;48;2;173;214;240m▄▄[38;2;126;191;233;48;2;213;233;246m▄[48;2;253;253;253m      [38;2;142;199;235;48;2;218;236;247m▄[38;2;0;130;213;48;2;173;214;240m▄▄[38;2;0;130;213;48;2;54;156;221m▄[48;2;0;130;213m   [38;2;0;130;213;48;2;0;136;223m▄[38;2;0;130;213;48;2;0;147;240m▄[48;2;0;156;253m    [48;2;69;106;121m [48;2;133;147;149m [48;2;253;253;253m                             [48;2;194;202;215m [48;2;191;198;213m [49m [m
[49m [48;2;191;199;213m  [48;2;253;253;253m     [38;2;191;198;200;48;2;253;253;253m▄[38;2;144;156;159;48;2;253;253;253m▄[48;2;79;99;103m  [38;2;91;109;113;48;2;111;127;131m▄[38;2;144;156;159;48;2;253;253;253m▄▄[38;2;111;127;131;48;2;166;176;178m▄[48;2;79;99;103m  [48;2;209;214;215m [48;2;253;253;253m             [48;2;144;156;159m [48;2;74;102;112m [48;2;0;156;253m  [38;2;42;168;246;48;2;0;156;253m▄[38;2;137;196;232;48;2;0;156;253m▄[38;2;137;186;217;48;2;0;130;213m▄[38;2;60;154;214;48;2;0;130;213m▄[48;2;0;130;213m [38;2;158;206;238;48;2;0;130;213m▄[38;2;146;166;174;48;2;205;229;245m▄[38;2;144;156;159;48;2;253;253;253m▄▄[38;2;158;206;238;48;2;0;130;213m▄[38;2;79;168;225;48;2;0;130;213m▄[48;2;0;130;213m [48;2;253;253;253m    [48;2;0;130;213m [38;2;52;146;207;48;2;0;130;213m▄[38;2;120;168;199;48;2;0;130;213m▄▄▄▄▄[38;2;7;132;212;48;2;0;130;213m▄[38;2;59;158;222;48;2;0;130;213m▄[38;2;158;206;238;48;2;0;130;213m▄[38;2;158;216;253;48;2;0;156;253m▄[38;2;59;178;253;48;2;0;156;253m▄[48;2;0;156;253m  [48;2;69;106;121m [48;2;133;147;149m [48;2;253;253;253m                             [48;2;194;202;215m [48;2;191;198;213m [49m [m
[49m [48;2;191;199;213m  [48;2;253;253;253m     [38;2;253;253;253;48;2;161;171;173m▄[38;2;253;253;253;48;2;89;108;112m▄▄▄▄▄▄▄▄▄[38;2;253;253;253;48;2;212;216;217m▄[48;2;253;253;253m             [48;2;144;156;159m [48;2;74;102;112m [48;2;0;156;253m  [48;2;68;176;242m [48;2;220;220;220m  [38;2;238;238;238;48;2;105;173;217m▄[38;2;253;253;253;48;2;15;137;215m▄[38;2;0;130;213;48;2;237;245;250m▄[38;2;0;130;213;48;2;104;128;136m▄[38;2;0;130;213;48;2;74;100;109m▄▄[38;2;0;130;213;48;2;237;245;250m▄[48;2;126;191;233m [38;2;253;253;253;48;2;15;137;215m▄[48;2;253;253;253m    [38;2;253;253;253;48;2;15;137;215m▄[38;2;142;199;235;48;2;87;159;205m▄[38;2;0;130;213;48;2;180;188;193m▄▄▄▄▄[38;2;237;245;250;48;2;26;140;214m▄[38;2;253;253;253;48;2;104;180;229m▄[48;2;253;253;253m  [48;2;94;192;253m [48;2;0;156;253m  [48;2;69;106;121m [48;2;133;147;149m [48;2;253;253;253m                             [48;2;194;202;215m [48;2;191;198;213m [49m [m
[49m [48;2;191;199;213m  [48;2;253;253;253m     [38;2;185;193;194;48;2;167;177;179m▄[38;2;133;147;149;48;2;100;118;121m▄[38;2;79;99;103;48;2;100;118;121m▄▄[38;2;89;108;111;48;2;100;118;121m▄[38;2;133;147;149;48;2;100;118;121m▄▄[38;2;106;123;126;48;2;100;118;121m▄[38;2;79;99;103;48;2;100;118;121m▄[38;2;198;204;206;48;2;253;253;253m▄[38;2;239;240;241;48;2;253;253;253m▄[48;2;253;253;253m             [38;2;253;253;253;48;2;239;240;241m▄[38;2;242;243;243;48;2;221;225;227m▄[38;2;79;99;103;48;2;69;106;121m▄[38;2;70;166;225;48;2;8;149;236m▄[38;2;116;189;235;48;2;68;176;242m▄[48;2;220;220;220m  [48;2;238;238;238m [48;2;253;253;253m [38;2;253;253;253;48;2;221;237;248m▄▄▄▄▄[38;2;243;243;243;48;2;237;245;250m▄[38;2;233;233;233;48;2;253;253;253m▄[48;2;253;253;253m    [38;2;233;233;233;48;2;253;253;253m▄[38;2;242;242;242;48;2;239;246;250m▄[38;2;253;253;253;48;2;221;237;248m▄▄▄▄▄[38;2;253;253;253;48;2;251;252;252m▄[48;2;253;253;253m   [38;2;144;211;253;48;2;94;192;253m▄[38;2;79;180;243;48;2;4;152;244m▄[38;2;79;99;103;48;2;69;106;121m▄[38;2;231;233;234;48;2;210;217;220m▄[38;2;253;253;253;48;2;238;239;240m▄[48;2;253;253;253m             [38;2;242;243;244;48;2;253;253;253m▄[38;2;198;204;206;48;2;253;253;253m▄▄[38;2;222;225;226;48;2;253;253;253m▄[48;2;253;253;253m  [38;2;215;219;220;48;2;253;253;253m▄[38;2;198;204;206;48;2;253;253;253m▄▄▄[38;2;219;222;223;48;2;253;253;253m▄[48;2;253;253;253m     [48;2;194;202;215m [48;2;191;198;213m [49m [m
[49m [48;2;191;199;213m  [48;2;253;253;253m       [48;2;79;99;103m  [48;2;111;127;131m [48;2;253;253;253m  [38;2;253;253;253;48;2;166;176;178m▄[38;2;253;253;253;48;2;79;99;103m▄[48;2;79;99;103m [48;2;209;214;215m [48;2;253;253;253m             [38;2;144;156;159;48;2;253;253;253m▄[38;2;87;106;110;48;2;242;243;243m▄[38;2;220;220;220;48;2;79;99;103m▄[38;2;220;220;220;48;2;202;204;205m▄[48;2;220;220;220m  [38;2;0;130;213;48;2;220;220;220m▄[38;2;142;199;235;48;2;238;238;238m▄[48;2;253;253;253m      [38;2;253;253;253;48;2;222;222;222m▄[38;2;253;253;253;48;2;192;192;192m▄[38;2;192;192;192;48;2;253;253;253m▄▄▄▄[38;2;253;253;253;48;2;192;192;192m▄[38;2;253;253;253;48;2;218;218;218m▄[48;2;253;253;253m      [38;2;158;206;238;48;2;253;253;253m▄[38;2;0;130;213;48;2;253;253;253m▄[48;2;253;253;253m  [38;2;253;253;253;48;2;242;243;243m▄[38;2;253;253;253;48;2;79;99;103m▄[38;2;100;118;121;48;2;231;233;234m▄[38;2;133;147;149;48;2;253;253;253m▄[48;2;253;253;253m             [48;2;220;224;224m [48;2;79;99;103m  [48;2;155;166;168m [48;2;253;253;253m  [48;2;133;147;149m [48;2;79;99;103m  [38;2;253;253;253;48;2;79;99;103m▄[38;2;253;253;253;48;2;144;156;159m▄[48;2;253;253;253m     [48;2;194;202;215m [48;2;191;198;213m [49m [m
[49m [48;2;191;199;213m  [48;2;253;253;253m       [48;2;79;99;103m  [38;2;109;126;129;48;2;111;127;131m▄[38;2;242;243;243;48;2;253;253;253m▄▄[38;2;160;171;173;48;2;198;204;206m▄[38;2;79;99;103;48;2;144;156;159m▄[38;2;89;108;112;48;2;79;99;103m▄[38;2;212;216;217;48;2;209;214;215m▄[48;2;253;253;253m             [48;2;144;156;159m [48;2;87;106;110m [48;2;220;220;220m    [48;2;0;130;213m [38;2;0;130;213;48;2;53;155;221m▄[38;2;0;130;213;48;2;94;176;228m▄▄▄[38;2;59;158;222;48;2;134;195;234m▄[38;2;237;245;250;48;2;253;253;253m▄▄▄▄[38;2;237;245;250;48;2;230;230;230m▄▄▄▄[38;2;237;245;250;48;2;253;253;253m▄▄▄▄[38;2;74;166;224;48;2;144;200;235m▄[38;2;0;130;213;48;2;94;176;228m▄▄▄[38;2;0;130;213;48;2;59;158;222m▄[48;2;0;130;213m [48;2;253;253;253m    [48;2;100;118;121m [48;2;133;147;149m [48;2;253;253;253m             [38;2;253;253;253;48;2;240;242;242m▄[38;2;253;253;253;48;2;187;195;196m▄[48;2;79;99;103m [38;2;79;99;103;48;2;107;124;127m▄[38;2;79;99;103;48;2;144;156;159m▄[38;2;242;243;243;48;2;253;253;253m▄[38;2;129;144;146;48;2;133;147;149m▄[48;2;79;99;103m  [48;2;253;253;253m       [48;2;194;202;215m [48;2;191;198;213m [49m [m
[49m [48;2;191;199;213m  [48;2;253;253;253m       [48;2;79;99;103m  [38;2;107;124;127;48;2;79;99;103m▄[38;2;231;233;234;48;2;79;99;103m▄[48;2;79;99;103m   [48;2;253;253;253m               [38;2;239;240;241;48;2;144;156;159m▄[38;2;222;226;226;48;2;87;106;110m▄[38;2;96;114;117;48;2;220;220;220m▄[38;2;204;206;207;48;2;220;220;220m▄[48;2;220;220;220m  [38;2;221;237;248;48;2;0;130;213m▄[38;2;96;177;228;48;2;0;130;213m▄[48;2;0;130;213m                    [38;2;83;170;226;48;2;0;130;213m▄[38;2;221;237;248;48;2;0;130;213m▄[48;2;253;253;253m  [38;2;243;244;244;48;2;253;253;253m▄[38;2;100;118;121;48;2;253;253;253m▄[38;2;214;219;220;48;2;100;118;121m▄[38;2;238;239;240;48;2;133;147;149m▄[48;2;253;253;253m             [38;2;224;227;228;48;2;253;253;253m▄[38;2;100;118;121;48;2;253;253;253m▄[48;2;79;99;103m [38;2;145;157;160;48;2;79;99;103m▄[38;2;231;233;234;48;2;79;99;103m▄▄[38;2;126;141;144;48;2;79;99;103m▄[48;2;79;99;103m  [48;2;253;253;253m       [48;2;194;202;215m [48;2;191;198;213m [49m [m
[49m [48;2;191;199;213m  [48;2;253;253;253m       [48;2;79;99;103m  [48;2;111;127;131m [48;2;253;253;253m [38;2;253;253;253;48;2;133;147;149m▄[38;2;166;176;178;48;2;106;123;126m▄[48;2;79;99;103m [38;2;79;99;103;48;2;198;204;206m▄[38;2;209;214;215;48;2;239;240;241m▄[48;2;253;253;253m              [38;2;253;253;253;48;2;245;246;246m▄[38;2;253;253;253;48;2;133;147;149m▄[38;2;100;118;121;48;2;170;177;179m▄[38;2;123;136;139;48;2;189;194;194m▄[48;2;220;220;220m [38;2;220;220;220;48;2;242;242;242m▄[38;2;238;238;238;48;2;150;200;233m▄[38;2;253;253;253;48;2;79;168;225m▄[48;2;0;130;213m    [38;2;253;253;253;48;2;79;168;225m▄▄▄▄▄▄▄▄▄▄[48;2;0;130;213m    [38;2;237;245;250;48;2;74;166;224m▄[38;2;253;253;253;48;2;144;200;235m▄[48;2;253;253;253m  [38;2;144;156;159;48;2;219;222;223m▄[38;2;89;108;112;48;2;194;201;202m▄[38;2;253;253;253;48;2;133;147;149m▄[38;2;253;253;253;48;2;238;239;240m▄[48;2;253;253;253m              [48;2;220;224;224m [48;2;79;99;103m [38;2;253;253;253;48;2;133;147;149m▄[38;2;253;253;253;48;2;185;193;194m▄[48;2;253;253;253m  [48;2;133;147;149m [48;2;79;99;103m  [48;2;253;253;253m       [48;2;194;202;215m [48;2;191;198;213m [49m [m
[49m [48;2;191;199;213m  [48;2;253;253;253m     [38;2;216;220;221;48;2;155;166;168m▄[38;2;187;195;196;48;2;79;99;103m▄▄▄[38;2;199;206;207;48;2;111;127;131m▄[48;2;253;253;253m  [38;2;220;224;224;48;2;166;176;178m▄[38;2;187;195;196;48;2;79;99;103m▄▄[38;2;236;238;238;48;2;209;214;215m▄[48;2;253;253;253m                 [48;2;198;204;206m [48;2;79;99;103m [48;2;220;220;220m [38;2;226;226;226;48;2;238;238;238m▄[38;2;232;232;232;48;2;253;253;253m▄[38;2;158;206;238;48;2;0;130;213m▄[38;2;29;144;217;48;2;0;130;213m▄[48;2;0;130;213m   [38;2;47;153;220;48;2;126;191;233m▄[38;2;94;176;228;48;2;253;253;253m▄▄▄▄▄▄[38;2;53;155;221;48;2;142;199;235m▄[48;2;0;130;213m   [38;2;19;139;216;48;2;0;130;213m▄[38;2;158;206;238;48;2;0;130;213m▄[38;2;247;250;252;48;2;237;245;250m▄[48;2;253;253;253m  [48;2;79;99;103m [48;2;187;195;196m [48;2;253;253;253m                 [38;2;240;242;242;48;2;220;224;224m▄[38;2;187;195;196;48;2;79;99;103m▄[48;2;79;99;103m [38;2;107;124;127;48;2;155;166;168m▄[38;2;144;156;159;48;2;253;253;253m▄▄[38;2;99;117;120;48;2;133;147;149m▄[48;2;79;99;103m  [38;2;144;156;159;48;2;253;253;253m▄[38;2;185;192;194;48;2;253;253;253m▄[48;2;253;253;253m     [48;2;194;202;215m [48;2;191;198;213m [49m [m
[49m [48;2;191;199;213m  [48;2;253;253;253m                                 [38;2;253;253;253;48;2;202;207;209m▄[38;2;253;253;253;48;2;89;108;112m▄[38;2;79;99;103;48;2;211;212;212m▄[38;2;158;167;168;48;2;216;216;216m▄[48;2;220;220;220m [38;2;220;220;220;48;2;250;250;250m▄[38;2;246;246;246;48;2;59;158;222m▄[38;2;189;222;243;48;2;11;135;214m▄[48;2;0;130;213m            [38;2;173;214;240;48;2;10;135;214m▄[38;2;253;253;253;48;2;45;152;220m▄[48;2;253;253;253m  [38;2;187;195;196;48;2;248;249;249m▄[38;2;79;99;103;48;2;242;243;243m▄[38;2;253;253;253;48;2;89;108;112m▄[38;2;253;253;253;48;2;191;198;200m▄[48;2;253;253;253m                   [38;2;253;253;253;48;2;89;108;112m▄▄▄▄▄▄▄▄[38;2;253;253;253;48;2;151;162;165m▄[48;2;253;253;253m     [48;2;194;202;215m [48;2;191;198;213m [49m [m
[49m [48;2;191;199;213m  [48;2;253;253;253m                          [38;2;232;234;235;48;2;253;253;253m▄[38;2;198;204;206;48;2;253;253;253m▄▄▄[38;2;189;199;202;48;2;243;244;244m▄[38;2;54;116;149;48;2;100;118;121m▄▄▄▄[38;2;151;200;230;48;2;202;204;205m▄[38;2;189;211;224;48;2;212;213;213m▄[48;2;220;220;220m  [38;2;228;228;228;48;2;223;223;223m▄[38;2;235;235;235;48;2;223;227;230m▄[38;2;253;253;253;48;2;221;237;248m▄▄[38;2;166;210;239;48;2;110;183;230m▄[38;2;79;168;225;48;2;0;130;213m▄▄▄▄▄▄[38;2;155;205;237;48;2;96;177;228m▄[38;2;253;253;253;48;2;221;237;248m▄▄[38;2;253;253;253;48;2;243;248;251m▄[38;2;251;251;251;48;2;253;253;253m▄[38;2;242;242;242;48;2;253;253;253m▄▄[38;2;208;226;238;48;2;234;234;235m▄[38;2;151;200;230;48;2;202;204;205m▄[38;2;54;116;149;48;2;100;118;121m▄▄▄▄[38;2;89;130;149;48;2;100;118;121m▄[38;2;127;155;167;48;2;148;160;162m▄[38;2;198;204;206;48;2;253;253;253m▄▄[38;2;229;231;232;48;2;253;253;253m▄[48;2;253;253;253m          [38;2;220;224;224;48;2;224;227;228m▄[38;2;79;99;103;48;2;100;118;121m▄▄[38;2;102;120;123;48;2;100;118;121m▄[38;2;133;147;149;48;2;100;118;121m▄▄[38;2;95;114;117;48;2;100;118;121m▄[38;2;79;99;103;48;2;100;118;121m▄▄[38;2;133;147;149;48;2;100;118;121m▄[38;2;178;186;188;48;2;157;168;170m▄[48;2;253;253;253m     [48;2;194;202;215m [48;2;191;198;213m [49m [m
[49m [48;2;191;199;213m  [48;2;253;253;253m                       [38;2;231;233;234;48;2;253;253;253m▄[38;2;79;99;103;48;2;253;253;253m▄▄[38;2;49;120;159;48;2;187;195;196m▄[38;2;0;156;253;48;2;79;99;103m▄▄▄[38;2;0;156;253;48;2;74;102;112m▄[48;2;0;156;253m    [38;2;129;206;253;48;2;0;156;253m▄[38;2;129;206;253;48;2;123;192;234m▄[38;2;129;206;253;48;2;220;220;220m▄[48;2;220;220;220m [38;2;220;220;220;48;2;246;246;246m▄[38;2;220;220;220;48;2;253;253;253m▄▄[48;2;253;253;253m          [38;2;220;220;220;48;2;253;253;253m▄▄[38;2;220;220;220;48;2;248;248;248m▄[48;2;220;220;220m [38;2;134;206;250;48;2;220;220;220m▄[38;2;129;206;253;48;2;137;196;232m▄[38;2;129;206;253;48;2;0;156;253m▄▄▄[38;2;120;202;253;48;2;0;156;253m▄[48;2;0;156;253m [38;2;0;156;253;48;2;112;199;253m▄[38;2;0;156;253;48;2;113;172;206m▄[38;2;0;156;253;48;2;79;99;103m▄[38;2;129;206;253;48;2;79;99;103m▄[38;2;100;145;168;48;2;176;185;187m▄[38;2;79;99;103;48;2;253;253;253m▄▄[38;2;220;224;224;48;2;253;253;253m▄[48;2;253;253;253m       [38;2;253;253;253;48;2;220;224;224m▄[38;2;253;253;253;48;2;79;99;103m▄▄[38;2;253;253;253;48;2;155;166;168m▄[48;2;253;253;253m  [48;2;133;147;149m [48;2;79;99;103m  [48;2;253;253;253m       [48;2;194;202;215m [48;2;191;198;213m [49m [m
[49m [48;2;191;199;213m  [48;2;253;253;253m                   [38;2;248;248;248;48;2;253;253;253m▄[38;2;242;243;243;48;2;253;253;253m▄[38;2;74;102;112;48;2;144;156;159m▄▄[38;2;64;109;129;48;2;129;153;163m▄[38;2;0;156;253;48;2;29;134;196m▄▄[38;2;0;156;253;48;2;18;142;217m▄[48;2;0;156;253m [38;2;8;159;253;48;2;0;156;253m▄▄[38;2;15;162;253;48;2;5;157;253m▄[38;2;129;206;253;48;2;80;187;253m▄▄▄▄[38;2;134;208;253;48;2;129;206;253m▄▄▄[38;2;217;239;253;48;2;221;233;240m▄[38;2;145;212;253;48;2;174;215;240m▄[38;2;148;208;245;48;2;177;213;235m▄[38;2;206;216;222;48;2;220;220;220m▄[38;2;206;216;222;48;2;232;232;232m▄▄▄[38;2;214;219;222;48;2;232;232;232m▄▄[38;2;215;219;222;48;2;232;232;232m▄[38;2;220;221;222;48;2;232;232;232m▄[38;2;214;219;222;48;2;232;232;232m▄[38;2;210;217;222;48;2;232;232;232m▄[38;2;206;216;222;48;2;232;232;232m▄[38;2;206;216;222;48;2;220;220;220m▄[38;2;153;209;243;48;2;180;213;234m▄[38;2;129;206;253;48;2;163;211;240m▄▄[38;2;129;206;253;48;2;131;206;252m▄[38;2;162;218;253;48;2;151;214;253m▄[38;2;217;239;253;48;2;187;228;253m▄▄[38;2;162;218;253;48;2;151;214;253m▄[38;2;129;206;253;48;2;125;204;253m▄[38;2;134;208;253;48;2;80;187;253m▄[38;2;129;206;253;48;2;80;187;253m▄[38;2;91;191;253;48;2;55;177;253m▄[38;2;8;159;253;48;2;0;156;253m▄[38;2;8;159;253;48;2;48;174;253m▄[38;2;3;157;253;48;2;37;152;221m▄[38;2;0;156;253;48;2;29;134;196m▄[38;2;120;202;253;48;2;110;165;196m▄[38;2;82;121;138;48;2;137;158;166m▄[38;2;76;103;112;48;2;144;156;159m▄[38;2;82;105;112;48;2;144;156;159m▄[38;2;242;243;243;48;2;253;253;253m▄[38;2;247;248;248;48;2;253;253;253m▄[48;2;253;253;253m     [38;2;242;243;243;48;2;253;253;253m▄▄▄▄[38;2;129;144;146;48;2;133;147;149m▄[48;2;79;99;103m  [48;2;253;253;253m       [48;2;194;202;215m [48;2;191;198;213m [49m [m
[49m [48;2;191;199;213m  [48;2;253;253;253m                  [38;2;100;118;121;48;2;253;253;253m▄[38;2;60;131;170;48;2;176;185;187m▄[38;2;9;148;234;48;2;79;99;103m▄[48;2;0;156;253m     [38;2;42;172;253;48;2;0;156;253m▄[38;2;112;199;253;48;2;0;156;253m▄[48;2;129;206;253m     [38;2;154;215;253;48;2;129;206;253m▄[38;2;211;237;253;48;2;129;206;253m▄[38;2;140;210;253;48;2;223;242;253m▄▄▄[38;2;16;162;253;48;2;129;206;253m▄▄[38;2;12;160;253;48;2;96;193;253m▄[48;2;0;156;253m  [38;2;56;177;253;48;2;0;156;253m▄[38;2;112;199;253;48;2;0;156;253m▄[48;2;129;206;253m  [38;2;131;206;253;48;2;146;212;253m▄[38;2;140;210;253;48;2;223;242;253m▄[38;2;211;237;253;48;2;129;206;253m▄[38;2;168;220;253;48;2;72;184;253m▄[38;2;112;199;253;48;2;0;156;253m▄[48;2;0;156;253m [38;2;11;160;253;48;2;88;190;253m▄[38;2;16;162;253;48;2;129;206;253m▄▄[38;2;121;203;253;48;2;129;206;253m▄[48;2;129;206;253m    [38;2;129;206;253;48;2;134;208;253m▄[38;2;140;210;253;48;2;223;242;253m▄[38;2;130;206;253;48;2;140;210;253m▄[38;2;154;215;253;48;2;129;206;253m▄[38;2;211;237;253;48;2;129;206;253m▄[48;2;129;206;253m [38;2;119;202;253;48;2;56;177;253m▄[38;2;112;199;253;48;2;0;156;253m▄▄[38;2;21;164;253;48;2;0;156;253m▄[38;2;4;157;253;48;2;32;168;253m▄[38;2;16;162;253;48;2;129;206;253m▄[38;2;9;148;234;48;2;79;99;103m▄[38;2;55;133;178;48;2;166;176;178m▄[38;2;100;118;121;48;2;253;253;253m▄[48;2;253;253;253m    [38;2;231;233;234;48;2;79;99;103m▄▄▄▄[38;2;126;141;144;48;2;79;99;103m▄[48;2;79;99;103m  [48;2;253;253;253m       [48;2;194;202;215m [48;2;191;198;213m [49m [m
[49m [48;2;191;199;213m  [48;2;253;253;253m                  [48;2;79;99;103m [48;2;44;123;168m [48;2;0;156;253m   [38;2;16;162;253;48;2;5;157;253m▄[38;2;129;206;253;48;2;40;171;253m▄▄[38;2;129;206;253;48;2;73;184;253m▄[48;2;129;206;253m     [38;2;211;237;253;48;2;154;215;253m▄[38;2;193;230;253;48;2;169;221;253m▄[38;2;129;206;253;48;2;193;230;253m▄[48;2;129;206;253m [38;2;56;177;253;48;2;106;197;253m▄[38;2;0;156;253;48;2;88;190;253m▄[48;2;0;156;253m    [38;2;129;206;253;48;2;40;171;253m▄[38;2;129;206;253;48;2;84;188;253m▄[48;2;129;206;253m     [48;2;223;242;253m [48;2;181;226;253m [48;2;129;206;253m [38;2;129;206;253;48;2;40;171;253m▄[38;2;40;171;253;48;2;12;160;253m▄[48;2;0;156;253m  [38;2;0;156;253;48;2;83;188;253m▄[38;2;48;174;253;48;2;103;196;253m▄[48;2;129;206;253m      [38;2;129;206;253;48;2;149;213;253m▄[38;2;129;206;253;48;2;193;230;253m▄[38;2;223;242;253;48;2;158;217;253m▄[38;2;170;221;253;48;2;141;210;253m▄[48;2;129;206;253m  [38;2;129;206;253;48;2;56;178;253m▄[38;2;96;193;253;48;2;30;167;253m▄[48;2;0;156;253m  [48;2;39;127;178m [48;2;79;99;103m [48;2;253;253;253m  [38;2;220;224;224;48;2;242;243;244m▄[38;2;79;99;103;48;2;198;204;206m▄▄[38;2;155;166;168;48;2;222;225;226m▄[48;2;253;253;253m  [48;2;133;147;149m [48;2;79;99;103m  [48;2;253;253;253m       [48;2;194;202;215m [48;2;191;198;213m [49m [m
[49m [48;2;191;199;213m  [48;2;253;253;253m                [48;2;220;224;224m [48;2;79;99;103m [48;2;0;156;253m   [38;2;0;139;228;48;2;0;156;253m▄[38;2;33;152;228;48;2;88;190;253m▄[38;2;48;158;228;48;2;129;206;253m▄▄[38;2;123;203;251;48;2;129;206;253m▄[48;2;129;206;253m   [38;2;165;220;253;48;2;129;206;253m▄[38;2;186;227;253;48;2;134;208;253m▄[38;2;164;219;253;48;2;223;242;253m▄[38;2;133;207;253;48;2;140;210;253m▄[38;2;103;196;253;48;2;129;206;253m▄[38;2;48;174;253;48;2;129;206;253m▄[48;2;0;156;253m    [38;2;65;181;253;48;2;0;156;253m▄[38;2;92;191;253;48;2;32;168;253m▄[48;2;129;206;253m  [38;2;88;182;240;48;2;129;206;253m▄[38;2;48;158;228;48;2;129;206;253m▄▄▄▄▄[48;2;129;206;253m [48;2;170;221;253m [48;2;223;242;253m [48;2;129;206;253m  [48;2;112;199;253m [48;2;0;156;253m    [38;2;48;174;253;48;2;129;206;253m▄[38;2;98;194;253;48;2;129;206;253m▄[48;2;129;206;253m      [38;2;148;213;253;48;2;181;226;253m▄[38;2;164;219;253;48;2;223;242;253m▄[38;2;48;158;228;48;2;129;206;253m▄▄▄▄[38;2;80;187;253;48;2;0;156;253m▄[38;2;40;171;253;48;2;0;156;253m▄[48;2;0;156;253m [48;2;79;99;103m [48;2;209;214;215m [38;2;240;242;242;48;2;220;224;224m▄[38;2;187;195;196;48;2;79;99;103m▄▄▄▄▄▄▄▄▄[38;2;212;216;217;48;2;144;156;159m▄[48;2;253;253;253m     [48;2;194;202;215m [48;2;191;198;213m [49m [m
[49m [48;2;191;199;213m  [48;2;253;253;253m                [48;2;220;224;224m [48;2;79;99;103m [48;2;0;156;253m [38;2;0;144;235;48;2;0;155;251m▄[38;2;0;130;213;48;2;0;154;250m▄[48;2;0;130;213m    [38;2;0;130;213;48;2;113;196;248m▄[38;2;48;158;228;48;2;123;203;251m▄[48;2;129;206;253m  [38;2;129;206;253;48;2;184;227;253m▄[38;2;129;206;253;48;2;211;237;253m▄[48;2;129;206;253m  [48;2;88;190;253m [48;2;0;156;253m     [48;2;104;196;253m [38;2;96;187;243;48;2;126;204;252m▄[38;2;0;130;213;48;2;120;201;250m▄▄[38;2;0;130;213;48;2;60;165;231m▄[48;2;0;130;213m     [38;2;0;130;213;48;2;120;201;250m▄[38;2;0;130;213;48;2;159;216;250m▄[38;2;0;130;213;48;2;209;235;250m▄[48;2;129;206;253m  [38;2;129;206;253;48;2;113;200;253m▄[38;2;129;206;253;48;2;8;159;253m▄[38;2;8;159;253;48;2;0;156;253m▄[48;2;0;156;253m   [48;2;80;187;253m [48;2;129;206;253m      [38;2;56;163;230;48;2;124;203;251m▄[38;2;0;130;213;48;2;120;201;250m▄[48;2;0;130;213m    [38;2;0;130;213;48;2;120;201;250m▄[38;2;64;168;233;48;2;64;180;251m▄[38;2;129;206;253;48;2;8;159;253m▄[48;2;79;99;103m [48;2;209;214;215m [38;2;220;224;224;48;2;250;251;251m▄[38;2;79;99;103;48;2;242;243;243m▄▄[38;2;155;166;168;48;2;246;247;247m▄[48;2;253;253;253m [38;2;79;99;103;48;2;242;243;243m▄▄▄▄▄[38;2;144;156;159;48;2;246;246;247m▄[48;2;253;253;253m     [48;2;194;202;215m [48;2;191;198;213m [49m [m
[49m [48;2;191;199;213m  [48;2;253;253;253m                [48;2;220;224;224m [48;2;79;99;103m [38;2;0;147;240;48;2;0;156;253m▄[38;2;0;140;228;48;2;0;144;235m▄[48;2;0;130;213m      [38;2;0;130;213;48;2;6;133;214m▄[38;2;0;130;213;48;2;16;139;218m▄[38;2;178;197;206;48;2;211;237;253m▄[38;2;147;202;235;48;2;159;217;253m▄[38;2;126;205;253;48;2;129;206;253m▄[38;2;88;190;253;48;2;129;206;253m▄[38;2;11;160;253;48;2;30;167;253m▄[38;2;0;156;253;48;2;11;160;253m▄[48;2;0;156;253m  [38;2;22;164;253;48;2;0;156;253m▄[38;2;40;171;253;48;2;0;156;253m▄[38;2;88;182;240;48;2;112;199;253m▄[38;2;16;139;218;48;2;34;150;224m▄[38;2;0;130;213;48;2;12;137;216m▄[48;2;0;130;213m           [38;2;0;130;213;48;2;16;139;218m▄[38;2;60;165;231;48;2;93;185;242m▄[38;2;93;185;242;48;2;129;206;253m▄[48;2;129;206;253m [38;2;45;173;253;48;2;8;159;253m▄[38;2;25;165;253;48;2;0;156;253m▄[48;2;0;156;253m  [38;2;0;156;253;48;2;10;159;253m▄[38;2;5;158;253;48;2;23;164;253m▄[38;2;88;190;253;48;2;129;206;253m▄[38;2;123;204;253;48;2;129;206;253m▄[38;2;124;195;238;48;2;129;206;253m▄[38;2;113;172;206;48;2;129;206;253m▄[38;2;0;130;213;48;2;16;139;218m▄[38;2;0;130;213;48;2;7;134;215m▄[48;2;0;130;213m      [38;2;56;151;209;48;2;64;168;233m▄[38;2;113;172;206;48;2;129;206;253m▄[38;2;133;147;149;48;2;79;99;103m▄[38;2;223;226;227;48;2;209;214;215m▄[48;2;220;224;224m [48;2;79;99;103m  [48;2;155;166;168m [48;2;253;253;253m [38;2;253;253;253;48;2;231;233;234m▄[38;2;133;147;149;48;2;126;141;144m▄[48;2;79;99;103m  [38;2;253;253;253;48;2;231;233;234m▄[38;2;253;253;253;48;2;239;240;241m▄[48;2;253;253;253m     [48;2;194;202;215m [48;2;191;198;213m [49m [m
[49m [48;2;191;199;213m  [48;2;253;253;253m                [38;2;253;253;253;48;2;220;224;224m▄[38;2;253;253;253;48;2;79;99;103m▄[38;2;79;99;103;48;2;0;130;213m▄[38;2;44;112;151;48;2;0;130;213m▄[48;2;0;130;213m     [38;2;74;100;109;48;2;0;130;213m▄[38;2;79;99;103;48;2;0;130;213m▄▄[38;2;253;253;253;48;2;79;99;103m▄[38;2;144;156;159;48;2;110;165;196m▄[38;2;74;102;112;48;2;120;202;253m▄[48;2;0;156;253m     [48;2;72;184;253m [48;2;129;206;253m [48;2;0;130;213m       [38;2;79;99;103;48;2;0;130;213m▄▄▄▄[48;2;0;130;213m     [38;2;0;130;213;48;2;16;139;218m▄[38;2;0;130;213;48;2;129;206;253m▄[38;2;120;201;250;48;2;129;206;253m▄[48;2;80;187;253m [48;2;0;156;253m     [38;2;69;106;121;48;2;112;199;253m▄[38;2;133;147;149;48;2;113;172;206m▄[38;2;253;253;253;48;2;79;99;103m▄[38;2;79;99;103;48;2;0;130;213m▄▄▄[48;2;0;130;213m    [38;2;79;99;103;48;2;0;130;213m▄[38;2;166;176;178;48;2;39;114;158m▄[38;2;253;253;253;48;2;79;99;103m▄[48;2;253;253;253m  [38;2;253;253;253;48;2;220;224;224m▄[38;2;253;253;253;48;2;79;99;103m▄[48;2;79;99;103m [38;2;79;99;103;48;2;155;166;168m▄[38;2;79;99;103;48;2;253;253;253m▄▄[38;2;79;99;103;48;2;133;147;149m▄[48;2;79;99;103m  [48;2;253;253;253m       [48;2;194;202;215m [48;2;191;198;213m [49m [m
[49m [48;2;191;199;213m  [48;2;253;253;253m                [38;2;220;224;224;48;2;232;234;235m▄[38;2;79;99;103;48;2;144;156;159m▄[38;2;253;253;253;48;2;187;195;196m▄[38;2;253;253;253;48;2;174;200;214m▄[38;2;253;253;253;48;2;158;206;238m▄[38;2;15;137;215;48;2;0;130;213m▄[38;2;59;111;138;48;2;33;116;165m▄[38;2;80;100;104;48;2;49;110;144m▄[38;2;89;108;112;48;2;49;110;144m▄[38;2;242;243;244;48;2;179;189;193m▄[38;2;253;253;253;48;2;187;195;196m▄▄[48;2;253;253;253m [48;2;144;156;159m [48;2;74;102;112m [48;2;0;156;253m     [38;2;0;141;230;48;2;27;157;238m▄[38;2;0;130;213;48;2;48;158;228m▄[48;2;0;130;213m    [38;2;4;128;206;48;2;0;130;213m▄[38;2;47;118;159;48;2;24;120;178m▄[38;2;89;108;112;48;2;49;110;144m▄[38;2;253;253;253;48;2;187;195;196m▄▄▄▄[38;2;89;108;112;48;2;49;110;144m▄[38;2;52;117;153;48;2;27;119;174m▄[38;2;4;128;206;48;2;0;130;213m▄[48;2;0;130;213m    [38;2;113;196;248;48;2;120;201;250m▄[38;2;75;184;251;48;2;80;187;253m▄[48;2;0;156;253m     [48;2;69;106;121m [48;2;133;147;149m [48;2;253;253;253m [38;2;253;253;253;48;2;187;195;196m▄▄▄[38;2;89;108;112;48;2;49;110;144m▄▄▄▄[38;2;253;253;253;48;2;187;195;196m▄[38;2;253;253;253;48;2;220;224;224m▄[48;2;253;253;253m     [38;2;242;243;243;48;2;187;195;196m▄[38;2;170;180;182;48;2;140;153;155m▄[48;2;79;99;103m [38;2;89;108;112;48;2;79;99;103m▄[38;2;82;102;105;48;2;79;99;103m▄[48;2;79;99;103m  [48;2;253;253;253m       [48;2;194;202;215m [48;2;191;198;213m [49m [m
[49m [48;2;191;199;213m  [48;2;253;253;253m                [48;2;220;224;224m [48;2;79;99;103m [48;2;253;253;253m    [48;2;133;147;149m [48;2;100;118;121m [48;2;253;253;253m     [48;2;144;156;159m [48;2;74;102;112m [48;2;0;156;253m     [48;2;0;141;230m [48;2;0;130;213m     [48;2;79;99;103m [48;2;166;176;178m [48;2;253;253;253m      [48;2;176;185;187m [48;2;79;99;103m [48;2;0;130;213m     [48;2;0;139;228m [48;2;0;156;253m     [48;2;69;106;121m [48;2;133;147;149m [48;2;253;253;253m             [38;2;224;227;228;48;2;253;253;253m▄[38;2;100;118;121;48;2;253;253;253m▄[48;2;79;99;103m [38;2;145;157;160;48;2;79;99;103m▄[38;2;231;233;234;48;2;79;99;103m▄[48;2;253;253;253m [48;2;133;147;149m [48;2;79;99;103m  [48;2;253;253;253m       [48;2;194;202;215m [48;2;191;198;213m [49m [m
[49m [48;2;191;199;213m  [48;2;253;253;253m                [38;2;253;253;253;48;2;230;233;233m▄[38;2;253;253;253;48;2;133;147;149m▄[38;2;79;99;103;48;2;198;204;206m▄▄▄▄[38;2;198;204;206;48;2;153;165;167m▄[38;2;253;253;253;48;2;148;160;162m▄[48;2;253;253;253m     [48;2;144;156;159m [48;2;74;102;112m [48;2;0;156;253m     [48;2;0;141;230m [48;2;0;130;213m   [38;2;19;122;185;48;2;6;127;204m▄[38;2;79;99;103;48;2;24;120;178m▄[38;2;253;253;253;48;2;133;147;149m▄[38;2;253;253;253;48;2;193;200;201m▄[48;2;253;253;253m      [38;2;253;253;253;48;2;200;206;207m▄[38;2;253;253;253;48;2;133;147;149m▄[38;2;79;99;103;48;2;24;120;178m▄[38;2;24;120;178;48;2;7;126;202m▄[48;2;0;130;213m   [48;2;0;139;228m [48;2;0;156;253m     [48;2;69;106;121m [48;2;133;147;149m [48;2;253;253;253m            [38;2;122;137;140;48;2;212;216;217m▄[38;2;79;99;103;48;2;176;185;186m▄[48;2;79;99;103m  [48;2;155;166;168m [48;2;253;253;253m [38;2;79;99;103;48;2;198;204;206m▄[38;2;79;99;103;48;2;116;132;135m▄[48;2;79;99;103m  [38;2;79;99;103;48;2;198;204;206m▄[38;2;144;156;159;48;2;219;222;223m▄[48;2;253;253;253m     [48;2;194;202;215m [48;2;191;198;213m [49m [m
[49m [48;2;191;199;213m  [48;2;253;253;253m                             [38;2;212;216;217;48;2;144;156;159m▄[38;2;179;190;194;48;2;74;102;112m▄[38;2;49;120;159;48;2;0;156;253m▄[38;2;6;151;241;48;2;0;156;253m▄[48;2;0;156;253m  [48;2;0;130;213m   [38;2;49;110;144;48;2;0;130;213m▄[38;2;161;179;186;48;2;64;104;123m▄[38;2;204;209;210;48;2;122;137;140m▄[48;2;253;253;253m            [38;2;208;213;214;48;2;133;147;149m▄[38;2;170;184;190;48;2;69;102;116m▄[38;2;49;110;144;48;2;0;130;213m▄[38;2;3;128;208;48;2;0;130;213m▄[48;2;0;130;213m  [48;2;0;156;253m  [38;2;3;153;247;48;2;0;156;253m▄[38;2;49;120;159;48;2;0;156;253m▄[38;2;170;185;192;48;2;69;106;121m▄[38;2;208;213;214;48;2;133;147;149m▄[48;2;253;253;253m                [38;2;205;210;211;48;2;253;253;253m▄[38;2;144;156;159;48;2;253;253;253m▄▄▄[38;2;157;168;170;48;2;253;253;253m▄[48;2;253;253;253m        [48;2;194;202;215m [48;2;191;198;213m [49m [m
[49m [48;2;191;199;213m  [48;2;253;253;253m                             [38;2;144;156;159;48;2;246;246;247m▄[38;2;79;99;103;48;2;231;234;234m▄[48;2;79;99;103m [38;2;79;99;103;48;2;14;145;226m▄[38;2;54;108;137;48;2;3;153;245m▄[38;2;0;130;213;48;2;0;154;250m▄[48;2;0;130;213m [38;2;44;112;151;48;2;2;128;209m▄[38;2;79;99;103;48;2;4;128;206m▄[38;2;253;253;253;48;2;89;108;112m▄[38;2;253;253;253;48;2;222;225;226m▄[48;2;253;253;253m              [38;2;253;253;253;48;2;232;234;235m▄[38;2;253;253;253;48;2;89;108;112m▄[38;2;89;108;112;48;2;10;126;200m▄[38;2;79;99;103;48;2;4;128;206m▄▄[38;2;0;139;227;48;2;0;154;251m▄[38;2;158;210;243;48;2;9;159;252m▄[38;2;253;253;253;48;2;20;158;244m▄[38;2;253;253;253;48;2;89;108;112m▄[38;2;100;118;121;48;2;223;226;227m▄[38;2;133;147;149;48;2;245;246;246m▄[48;2;253;253;253m               [38;2;79;99;103;48;2;242;243;243m▄[38;2;79;99;103;48;2;170;180;182m▄[48;2;79;99;103m [38;2;253;253;253;48;2;89;108;112m▄[38;2;133;147;149;48;2;82;102;105m▄[38;2;79;99;103;48;2;99;117;120m▄[38;2;79;99;103;48;2;242;243;243m▄[48;2;253;253;253m       [48;2;194;202;215m [48;2;191;198;213m [49m [m
[49m [48;2;191;199;213m  [48;2;253;253;253m                             [48;2;144;156;159m [48;2;79;99;103m   [38;2;79;99;103;48;2;75;100;107m▄[38;2;79;99;103;48;2;69;102;116m▄▄[38;2;176;185;187;48;2;160;176;182m▄[38;2;253;253;253;48;2;231;233;234m▄[48;2;253;253;253m                  [38;2;253;253;253;48;2;232;234;235m▄[38;2;187;195;196;48;2;174;183;185m▄[48;2;79;99;103m [38;2;253;253;253;48;2;221;238;249m▄[38;2;253;253;253;48;2;241;247;251m▄[48;2;253;253;253m  [48;2;100;118;121m [48;2;133;147;149m [48;2;253;253;253m             [38;2;220;224;224;48;2;224;227;228m▄[38;2;79;99;103;48;2;100;118;121m▄[48;2;79;99;103m [38;2;155;166;168;48;2;145;157;160m▄[38;2;253;253;253;48;2;231;233;234m▄[48;2;253;253;253m [38;2;253;253;253;48;2;238;239;240m▄[38;2;231;233;234;48;2;212;216;217m▄[48;2;79;99;103m [38;2;79;99;103;48;2;100;118;121m▄[38;2;144;156;159;48;2;157;168;170m▄[48;2;253;253;253m     [48;2;194;202;215m [48;2;191;198;213m [49m [m
[49m [48;2;191;199;213m  [48;2;253;253;253m                             [38;2;253;253;253;48;2;144;156;159m▄[38;2;242;243;243;48;2;79;99;103m▄[48;2;79;99;103m    [38;2;253;253;253;48;2;79;99;103m▄[38;2;253;253;253;48;2;176;185;187m▄[48;2;253;253;253m                    [38;2;253;253;253;48;2;187;195;196m▄[38;2;253;253;253;48;2;79;99;103m▄[38;2;79;99;103;48;2;253;253;253m▄▄▄▄[38;2;231;233;234;48;2;100;118;121m▄[38;2;253;253;253;48;2;133;147;149m▄[48;2;253;253;253m             [48;2;220;224;224m [48;2;79;99;103m  [48;2;155;166;168m [48;2;253;253;253m   [48;2;231;233;234m [48;2;79;99;103m  [48;2;144;156;159m [48;2;253;253;253m     [48;2;194;202;215m [48;2;191;198;213m [49m [m
[49m [48;2;191;199;213m  [48;2;253;253;253m                              [38;2;253;253;253;48;2;248;249;249m▄[38;2;253;253;253;48;2;187;195;196m▄▄▄▄[48;2;253;253;253m                        [38;2;253;253;253;48;2;187;195;196m▄▄▄▄[38;2;253;253;253;48;2;244;245;245m▄[48;2;253;253;253m              [38;2;222;225;226;48;2;220;224;224m▄[38;2;89;108;112;48;2;79;99;103m▄[48;2;79;99;103m [38;2;150;162;164;48;2;155;166;168m▄[38;2;242;243;243;48;2;253;253;253m▄[48;2;253;253;253m [38;2;245;246;246;48;2;253;253;253m▄[38;2;221;225;226;48;2;231;233;234m▄[48;2;79;99;103m [38;2;89;108;112;48;2;79;99;103m▄[38;2;151;162;165;48;2;144;156;159m▄[48;2;253;253;253m     [48;2;194;202;215m [48;2;191;198;213m [49m [m
[49m [48;2;191;199;213m  [48;2;253;253;253m                                                                                [38;2;231;233;234;48;2;79;99;103m▄[38;2;164;174;176;48;2;79;99;103m▄[48;2;79;99;103m [38;2;100;118;121;48;2;253;253;253m▄[38;2;85;105;108;48;2;133;147;149m▄[38;2;98;115;119;48;2;79;99;103m▄[38;2;231;233;234;48;2;79;99;103m▄[48;2;253;253;253m       [48;2;194;202;215m [48;2;191;198;213m [49m [m
[49m [48;2;191;199;213m  [48;2;253;253;253m                                                                                 [38;2;253;253;253;48;2;200;206;207m▄[38;2;253;253;253;48;2;133;147;149m▄▄▄[38;2;253;253;253;48;2;148;160;162m▄[48;2;253;253;253m        [48;2;194;202;215m [48;2;191;198;213m [49m [m
[49m [48;2;191;199;213m  [48;2;253;253;253m                                                                                [38;2;144;156;159;48;2;253;253;253m▄[38;2;115;131;134;48;2;176;185;187m▄[48;2;79;99;103m [38;2;187;195;196;48;2;79;99;103m▄[38;2;112;129;132;48;2;79;99;103m▄[48;2;79;99;103m  [38;2;144;156;159;48;2;253;253;253m▄[38;2;185;192;194;48;2;253;253;253m▄[48;2;253;253;253m     [48;2;194;202;215m [48;2;191;198;213m [49m [m
[49m [48;2;191;199;213m  [48;2;253;253;253m                                                                                [48;2;79;99;103m   [48;2;253;253;253m [38;2;253;253;253;48;2;140;153;156m▄[38;2;231;233;234;48;2;88;107;111m▄[48;2;79;99;103m  [48;2;144;156;159m [48;2;253;253;253m     [48;2;194;202;215m [48;2;191;198;213m [49m [m
[49m [48;2;191;199;213m  [48;2;253;253;253m                                                                                [48;2;79;99;103m   [48;2;253;253;253m  [38;2;253;253;253;48;2;250;250;250m▄[38;2;253;253;253;48;2;231;233;234m▄▄[38;2;253;253;253;48;2;239;240;241m▄[48;2;253;253;253m     [48;2;194;202;215m [48;2;191;198;213m [49m [m
[49m [48;2;191;199;213m  [48;2;253;253;253m                                                                                [48;2;79;99;103m   [48;2;253;253;253m           [48;2;194;202;215m [48;2;191;198;213m [49m [m
[49m [48;2;191;199;213m  [48;2;253;253;253m                                                                              [38;2;220;224;224;48;2;232;234;235m▄[38;2;79;99;103;48;2;144;156;159m▄[48;2;79;99;103m   [38;2;79;99;103;48;2;144;156;159m▄[38;2;86;105;109;48;2;144;156;159m▄[38;2;110;126;129;48;2;157;168;170m▄[48;2;253;253;253m        [48;2;194;202;215m [48;2;191;198;213m [49m [m
[49m [48;2;191;199;213m  [48;2;253;253;253m                                                                              [38;2;248;249;249;48;2;220;224;224m▄[38;2;231;233;234;48;2;79;99;103m▄▄▄▄▄[38;2;246;246;247;48;2;198;204;206m▄[48;2;253;253;253m         [48;2;194;202;215m [48;2;191;198;213m [49m [m
[49m [48;2;191;199;213m  [48;2;253;253;253m                                                                                              [48;2;194;202;215m [48;2;191;198;213m [49m [m
[49m [38;2;190;199;212;48;2;191;199;213m▄[38;2;191;199;212;48;2;191;199;213m▄[38;2;214;219;228;48;2;253;253;253m▄[38;2;248;248;249;48;2;253;253;253m▄[48;2;253;253;253m                                                                                          [38;2;250;250;251;48;2;253;253;253m▄[38;2;214;219;228;48;2;253;253;253m▄[38;2;194;202;216;48;2;194;202;215m▄[38;2;192;200;212;48;2;191;198;213m▄[49m [m
[49m   [48;2;191;199;213m [38;2;191;199;213;48;2;241;243;245m▄[38;2;206;212;223;48;2;250;250;251m▄[48;2;253;253;253m                                                                                        [38;2;210;215;225;48;2;250;250;251m▄[38;2;191;199;213;48;2;245;246;248m▄[48;2;191;199;213m [48;2;187;204;221m [49m  [m
[49m   [49;38;2;189;197;214m▀▀[38;2;190;202;213;48;2;196;205;217m▄[38;2;191;198;213;48;2;198;205;218m▄▄▄▄▄▄▄▄▄▄▄▄▄▄▄▄▄▄▄▄▄▄▄▄▄▄▄▄▄▄▄▄▄▄▄▄▄▄▄▄▄▄▄▄▄▄▄▄▄▄▄▄▄▄▄▄▄▄▄▄▄▄▄▄▄▄▄▄▄▄▄▄▄▄▄▄▄▄▄▄▄▄▄▄▄▄▄▄[38;2;194;198;212;48;2;197;205;217m▄[49;38;2;189;197;214m▀▀[49m   [m
[49m                                                                                                    [m