[49m                                                                                                    [m
[49m                                                                                                    [m
[49m                                                                                                    [m
[49m                                                                                                    [m
[49m                                                                                                    [m
[49m                                                                                                    [m
[49m                                                                                                    [m
[49m                                                                                                    [m
[49m                                                                                                    [m
[49m                                                                                                    [m
[49m                                                                                                    [m
[49m                                                                                                    [m
[49m     [38;2;190;198;215;48;2;189;197;214m▄[48;2;191;199;213m                                                                                        [38;2;190;200;213;48;2;190;203;216m▄[49m     [m
[49m   [48;2;191;199;213m [38;2;233;235;240;48;2;191;199;213m▄[38;2;243;244;247;48;2;207;213;223m▄[48;2;255;255;255m                                                                                        [38;2;244;245;247;48;2;211;216;226m▄[38;2;236;238;242;48;2;191;199;213m▄[48;2;191;199;213m [48;2;187;204;221m [49m  [m
[49m [38;2;191;199;213;48;2;193;202;211m▄[38;2;191;199;213;48;2;190;201;212m▄[38;2;255;255;255;48;2;203;209;220m▄[38;2;255;255;255;48;2;248;249;250m▄[48;2;255;255;255m                                                                                          [38;2;255;255;255;48;2;251;252;252m▄[38;2;255;255;255;48;2;203;209;220m▄[38;2;195;202;215;48;2;195;204;217m▄[38;2;191;198;213;48;2;191;199;215m▄[49m [m
[49m [48;2;191;199;213m  [48;2;255;255;255m                                                                                              [48;2;195;202;215m [48;2;191;198;213m [49m [m
[49m [48;2;191;199;213m  [48;2;255;255;255m         [38;2;222;225;226;48;2;255;255;255m▄[38;2;79;99;103;48;2;255;255;255m▄▄▄▄▄[38;2;211;216;217;48;2;255;255;255m▄[48;2;255;255;255m                                                                              [48;2;195;202;215m [48;2;191;198;213m [49m [m
[49m [48;2;191;199;213m  [48;2;255;255;255m        [38;2;138;152;154;48;2;147;159;162m▄[38;2;112;128;131;48;2;114;130;133m▄[38;2;112;128;131;48;2;79;99;103m▄[48;2;79;99;103m   [38;2;112;128;131;48;2;79;99;103m▄[38;2;219;223;224;48;2;211;216;217m▄[48;2;255;255;255m                              [38;2;230;233;233;48;2;255;255;255m▄[38;2;222;225;226;48;2;255;255;255m▄▄[38;2;111;98;99;48;2;123;138;141m▄▄▄▄▄▄▄[38;2;215;217;218;48;2;246;247;247m▄[38;2;234;236;237;48;2;255;255;255m▄[48;2;255;255;255m                                    [48;2;195;202;215m [48;2;191;198;213m [49m [m
[49m [48;2;191;199;213m  [48;2;255;255;255m           [48;2;79;99;103m   [48;2;255;255;255m                               [38;2;79;99;103;48;2;255;255;255m▄[38;2;209;96;89;48;2;123;138;141m▄[38;2;253;95;85;48;2;79;99;103m▄▄[48;2;253;95;85m       [38;2;253;95;85;48;2;89;98;101m▄[38;2;187;96;91;48;2;145;157;160m▄[38;2;79;99;103;48;2;255;255;255m▄[48;2;255;255;255m                                   [48;2;195;202;215m [48;2;191;198;213m [49m [m
[49m [48;2;191;199;213m  [48;2;255;255;255m           [48;2;79;99;103m   [48;2;255;255;255m                             [38;2;167;177;179;48;2;211;216;217m▄[38;2;79;99;103;48;2;167;177;179m▄[38;2;253;95;85;48;2;166;97;94m▄[38;2;253;95;85;48;2;231;95;87m▄[48;2;253;95;85m          [38;2;253;95;85;48;2;220;95;88m▄[38;2;253;95;85;48;2;166;97;94m▄[38;2;79;99;103;48;2;167;177;179m▄[38;2;189;196;198;48;2;222;225;226m▄[48;2;255;255;255m                                 [48;2;195;202;215m [48;2;191;198;213m [49m [m
[49m [48;2;191;199;213m  [48;2;255;255;255m     [48;2;156;167;169m [48;2;79;99;103m  [38;2;114;130;133;48;2;222;225;226m▄[38;2;147;159;162;48;2;255;255;255m▄[48;2;255;255;255m [48;2;79;99;103m   [48;2;255;255;255m                          [38;2;222;225;226;48;2;255;255;255m▄[38;2;123;138;141;48;2;255;255;255m▄[38;2;209;96;89;48;2;79;99;103m▄[38;2;231;95;87;48;2;166;97;94m▄[48;2;253;95;85m         [38;2;163;97;94;48;2;253;95;85m▄[38;2;133;112;113;48;2;231;95;87m▄[38;2;211;216;217;48;2;79;99;103m▄▄▄▄▄[38;2;156;167;169;48;2;189;196;198m▄[38;2;131;145;148;48;2;255;255;255m▄[48;2;255;255;255m                                [48;2;195;202;215m [48;2;191;198;213m [49m [m
[49m [48;2;191;199;213m  [48;2;255;255;255m     [38;2;255;255;255;48;2;174;183;185m▄[38;2;255;255;255;48;2;112;128;131m▄[48;2;79;99;103m  [38;2;79;99;103;48;2;105;122;126m▄[38;2;79;99;103;48;2;222;225;226m▄[48;2;79;99;103m [38;2;167;177;179;48;2;95;113;117m▄[38;2;255;255;255;48;2;112;128;131m▄[48;2;255;255;255m                          [48;2;211;216;217m [48;2;79;99;103m [48;2;253;95;85m           [48;2;133;97;97m [48;2;101;118;122m [48;2;255;255;255m     [48;2;145;157;160m [48;2;90;108;112m [48;2;255;255;255m                                [48;2;195;202;215m [48;2;191;198;213m [49m [m
[49m [48;2;191;199;213m  [48;2;255;255;255m        [38;2;183;191;193;48;2;255;255;255m▄[38;2;167;177;179;48;2;255;255;255m▄▄▄[38;2;211;216;217;48;2;255;255;255m▄[48;2;255;255;255m                          [48;2;112;128;131m [48;2;122;98;98m [48;2;253;95;85m            [48;2;133;97;97m [38;2;90;108;112;48;2;101;118;122m▄[38;2;167;177;179;48;2;255;255;255m▄[38;2;249;250;250;48;2;255;255;255m▄[48;2;255;255;255m  [38;2;167;177;179;48;2;255;255;255m▄[38;2;167;177;179;48;2;145;157;160m▄[38;2;172;181;183;48;2;90;108;112m▄[48;2;255;255;255m                                [48;2;195;202;215m [48;2;191;198;213m [49m [m
[49m [48;2;191;199;213m  [48;2;255;255;255m       [38;2;79;99;103;48;2;255;255;255m▄[38;2;79;99;103;48;2;112;128;131m▄[38;2;112;128;131;48;2;79;99;103m▄[38;2;255;255;255;48;2;79;99;103m▄[48;2;79;99;103m [38;2;79;99;103;48;2;167;177;179m▄[38;2;79;99;103;48;2;255;255;255m▄[48;2;255;255;255m                        [38;2;79;99;103;48;2;255;255;255m▄[38;2;220;95;88;48;2;112;128;131m▄[38;2;253;95;85;48;2;122;98;98m▄[48;2;253;95;85m            [38;2;253;95;85;48;2;133;97;97m▄[38;2;231;95;87;48;2;79;99;103m▄[48;2;79;99;103m [38;2;79;99;103;48;2;244;245;245m▄[38;2;79;99;103;48;2;255;255;255m▄▄[38;2;255;255;255;48;2;79;99;103m▄[38;2;255;255;255;48;2;189;196;198m▄[48;2;255;255;255m                                 [48;2;195;202;215m [48;2;191;198;213m [49m [m
[49m [48;2;191;199;213m  [48;2;255;255;255m     [38;2;156;167;169;48;2;180;189;190m▄[38;2;79;99;103;48;2;123;138;141m▄[48;2;79;99;103m [38;2;222;225;226;48;2;186;194;195m▄[38;2;255;255;255;48;2;219;223;224m▄[48;2;255;255;255m [38;2;255;255;255;48;2;211;216;217m▄[38;2;167;177;179;48;2;145;157;160m▄[48;2;79;99;103m [38;2;79;99;103;48;2;123;138;141m▄[38;2;211;216;217;48;2;222;225;226m▄[48;2;255;255;255m          [38;2;242;244;244;48;2;255;255;255m▄[38;2;222;225;226;48;2;255;255;255m▄▄▄▄▄▄▄▄[48;2;255;255;255m [38;2;236;238;238;48;2;255;255;255m▄[38;2;222;225;226;48;2;255;255;255m▄[38;2;111;98;99;48;2;79;99;103m▄[38;2;226;95;87;48;2;220;95;88m▄[48;2;253;95;85m              [38;2;235;95;86;48;2;231;95;87m▄[38;2;111;98;99;48;2;79;99;103m▄[38;2;215;217;218;48;2;202;208;209m▄[38;2;234;236;237;48;2;211;216;217m▄[38;2;255;255;255;48;2;211;216;217m▄[38;2;222;225;226;48;2;255;255;255m▄▄▄▄▄▄▄▄[38;2;240;242;242;48;2;255;255;255m▄[48;2;255;255;255m                          [48;2;195;202;215m [48;2;191;198;213m [49m [m
[49m [48;2;191;199;213m  [48;2;255;255;255m     [48;2;156;167;169m [48;2;79;99;103m  [48;2;222;225;226m [48;2;255;255;255m   [48;2;167;177;179m [48;2;79;99;103m  [48;2;211;216;217m [48;2;255;255;255m       [38;2;233;235;236;48;2;255;255;255m▄[38;2;79;99;103;48;2;255;255;255m▄▄[38;2;144;122;64;48;2;189;196;198m▄[38;2;253;162;0;48;2;79;99;103m▄▄▄▄▄▄▄▄[38;2;79;99;103;48;2;255;255;255m▄[38;2;79;99;103;48;2;156;167;169m▄[48;2;79;99;103m [48;2;253;95;85m                  [48;2;89;98;101m [38;2;79;99;103;48;2;145;157;160m▄[38;2;79;99;103;48;2;255;255;255m▄[38;2;253;162;0;48;2;79;99;103m▄▄▄▄▄▄▄▄[38;2;155;126;57;48;2;178;186;188m▄[38;2;79;99;103;48;2;255;255;255m▄▄[38;2;222;225;226;48;2;255;255;255m▄[48;2;255;255;255m                       [48;2;195;202;215m [48;2;191;198;213m [49m [m
[49m [48;2;191;199;213m  [48;2;255;255;255m     [48;2;156;167;169m [48;2;79;99;103m  [48;2;222;225;226m [48;2;255;255;255m   [48;2;167;177;179m [48;2;79;99;103m  [48;2;211;216;217m [48;2;255;255;255m      [38;2;134;147;150;48;2;194;201;202m▄[38;2;100;106;90;48;2;166;171;163m▄[38;2;253;162;0;48;2;166;130;51m▄▄[38;2;253;162;0;48;2;198;142;32m▄[48;2;253;162;0m        [38;2;253;162;0;48;2;166;130;51m▄▄▄[48;2;253;95;85m                  [38;2;253;157;5;48;2;171;128;53m▄[38;2;253;162;0;48;2;166;130;51m▄▄[48;2;253;162;0m        [38;2;253;162;0;48;2;204;144;28m▄[38;2;253;162;0;48;2;166;130;51m▄▄[38;2;111;110;83;48;2;166;168;155m▄[38;2;123;138;141;48;2;189;196;198m▄[48;2;255;255;255m                      [48;2;195;202;215m [48;2;191;198;213m [49m [m
[49m [48;2;191;199;213m  [48;2;255;255;255m       [38;2;211;216;217;48;2;79;99;103m▄[38;2;103;120;124;48;2;79;99;103m▄[38;2;87;106;110;48;2;112;128;131m▄[38;2;123;138;141;48;2;255;255;255m▄[48;2;79;99;103m [38;2;145;157;160;48;2;79;99;103m▄[38;2;211;216;217;48;2;79;99;103m▄[48;2;255;255;255m       [38;2;123;138;141;48;2;255;255;255m▄[38;2;182;143;61;48;2;134;147;150m▄[38;2;214;148;22;48;2;100;106;90m▄[48;2;253;162;0m            [48;2;253;124;47m [48;2;253;95;85m                    [48;2;253;120;53m [48;2;253;162;0m            [38;2;217;149;20;48;2;111;110;83m▄[38;2;187;144;54;48;2;123;138;141m▄[38;2;123;138;141;48;2;255;255;255m▄[48;2;255;255;255m                     [48;2;195;202;215m [48;2;191;198;213m [49m [m
[49m [48;2;191;199;213m  [48;2;255;255;255m        [38;2;255;255;255;48;2;138;152;154m▄[38;2;255;255;255;48;2;112;128;131m▄▄▄[38;2;255;255;255;48;2;183;191;193m▄[48;2;255;255;255m        [48;2;79;99;103m [48;2;198;142;32m [48;2;253;162;0m            [38;2;253;95;85;48;2;253;149;15m▄[38;2;253;95;85;48;2;253;118;54m▄[48;2;253;95;85m                    [38;2;253;95;85;48;2;253;115;59m▄[38;2;253;95;85;48;2;253;149;15m▄[48;2;253;162;0m            [48;2;209;146;25m [48;2;79;99;103m [48;2;255;255;255m                     [48;2;195;202;215m [48;2;191;198;213m [49m [m
[49m [48;2;191;199;213m  [48;2;255;255;255m     [38;2;205;211;212;48;2;156;167;169m▄[38;2;167;177;179;48;2;79;99;103m▄[48;2;79;99;103m  [38;2;95;113;117;48;2;79;99;103m▄[38;2;167;177;179;48;2;79;99;103m▄[48;2;255;255;255m [48;2;167;177;179m [48;2;79;99;103m  [38;2;145;157;160;48;2;79;99;103m▄[38;2;183;191;193;48;2;112;128;131m▄[48;2;255;255;255m  [48;2;178;186;188m [48;2;79;99;103m [48;2;253;162;0m    [38;2;171;132;48;48;2;253;162;0m▄[38;2;166;130;51;48;2;253;162;0m▄▄[38;2;167;177;179;48;2;79;99;103m▄[38;2;166;147;99;48;2;187;138;38m▄[38;2;171;132;48;48;2;253;162;0m▄[48;2;253;162;0m    [48;2;253;95;85m                        [48;2;253;162;0m    [38;2;176;134;45;48;2;253;162;0m▄[38;2;166;145;91;48;2;198;142;32m▄[38;2;167;177;179;48;2;79;99;103m▄[38;2;166;130;51;48;2;253;162;0m▄▄▄[48;2;253;162;0m    [48;2;79;99;103m [48;2;167;177;179m [48;2;255;255;255m                   [48;2;195;202;215m [48;2;191;198;213m [49m [m
[49m [48;2;191;199;213m  [48;2;255;255;255m       [48;2;79;99;103m  [48;2;112;128;131m [48;2;255;255;255m [38;2;79;99;103;48;2;255;255;255m▄[38;2;79;99;103;48;2;167;177;179m▄[48;2;79;99;103m [38;2;255;255;255;48;2;79;99;103m▄[38;2;255;255;255;48;2;211;216;217m▄[48;2;255;255;255m   [48;2;178;186;188m [48;2;79;99;103m [48;2;253;162;0m    [48;2;89;102;96m [38;2;145;157;160;48;2;79;99;103m▄[38;2;255;255;255;48;2;79;99;103m▄[48;2;255;255;255m [38;2;255;255;255;48;2;145;157;160m▄[38;2;244;245;245;48;2;89;102;96m▄[38;2;79;99;103;48;2;253;162;0m▄[38;2;231;154;12;48;2;253;162;0m▄[38;2;253;141;26;48;2;253;162;0m▄[38;2;253;95;85;48;2;253;162;0m▄[48;2;253;95;85m                        [38;2;253;95;85;48;2;253;162;0m▄[38;2;253;136;31;48;2;253;162;0m▄[38;2;242;158;6;48;2;253;162;0m▄[38;2;79;99;103;48;2;253;162;0m▄[38;2;233;235;236;48;2;100;106;90m▄[38;2;255;255;255;48;2;134;147;150m▄[48;2;255;255;255m [38;2;255;255;255;48;2;79;99;103m▄[38;2;156;167;169;48;2;79;99;103m▄[48;2;79;99;103m [48;2;253;162;0m    [48;2;79;99;103m [48;2;167;177;179m [48;2;255;255;255m                   [48;2;195;202;215m [48;2;191;198;213m [49m [m
[49m [48;2;191;199;213m  [48;2;255;255;255m       [48;2;79;99;103m  [38;2;79;99;103;48;2;87;106;110m▄[38;2;79;99;103;48;2;123;138;141m▄[48;2;79;99;103m [38;2;150;162;164;48;2;145;157;160m▄[38;2;222;225;226;48;2;211;216;217m▄[48;2;255;255;255m    [38;2;222;225;226;48;2;255;255;255m▄[38;2;173;183;184;48;2;178;186;188m▄[38;2;112;128;131;48;2;79;99;103m▄[38;2;253;179;47;48;2;253;162;0m▄[38;2;253;167;14;48;2;253;162;0m▄[38;2;235;157;16;48;2;236;156;9m▄[38;2;112;128;131;48;2;122;114;77m▄[38;2;215;219;220;48;2;205;209;208m▄[38;2;234;236;237;48;2;227;230;231m▄[48;2;255;255;255m   [48;2;244;245;245m [48;2;79;99;103m [38;2;231;143;26;48;2;231;154;12m▄[38;2;253;132;37;48;2;253;141;26m▄[48;2;253;95;85m     [38;2;253;119;110;48;2;253;95;85m▄[38;2;253;125;116;48;2;253;95;85m▄▄▄[38;2;254;190;185;48;2;253;155;148m▄[38;2;255;255;255;48;2;254;215;212m▄▄▄▄▄▄[38;2;254;198;194;48;2;253;162;156m▄[38;2;253;125;116;48;2;253;95;85m▄▄▄[38;2;253;121;112;48;2;253;95;85m▄[48;2;253;95;85m     [38;2;253;129;41;48;2;253;136;31m▄[38;2;242;146;21;48;2;242;158;6m▄[48;2;79;99;103m [48;2;233;235;236m [48;2;255;255;255m   [38;2;236;238;238;48;2;230;233;233m▄[38;2;222;225;226;48;2;211;216;217m▄[38;2;112;128;131;48;2;122;114;77m▄[38;2;226;155;24;48;2;228;153;14m▄[38;2;253;166;11;48;2;253;162;0m▄[38;2;253;179;47;48;2;253;162;0m▄[38;2;112;128;131;48;2;79;99;103m▄[48;2;167;177;179m [38;2;222;225;226;48;2;255;255;255m▄[48;2;255;255;255m                  [48;2;195;202;215m [48;2;191;198;213m [49m [m
[49m [48;2;191;199;213m  [48;2;255;255;255m       [48;2;79;99;103m  [38;2;112;128;131;48;2;79;99;103m▄[38;2;255;255;255;48;2;79;99;103m▄▄[38;2;167;177;179;48;2;79;99;103m▄[48;2;79;99;103m [38;2;79;99;103;48;2;255;255;255m▄[38;2;211;216;217;48;2;255;255;255m▄[48;2;255;255;255m  [48;2;79;99;103m [48;2;156;167;169m [48;2;255;255;255m  [38;2;255;255;255;48;2;253;191;79m▄[38;2;255;255;255;48;2;253;173;31m▄[48;2;255;255;255m [48;2;90;108;112m [48;2;145;157;160m [48;2;255;255;255m   [48;2;244;245;245m [48;2;79;99;103m [48;2;231;95;87m [48;2;253;95;85m     [38;2;255;255;255;48;2;253;95;85m▄[38;2;255;255;255;48;2;254;225;223m▄[48;2;255;255;255m              [38;2;255;255;255;48;2;254;235;233m▄[38;2;255;255;255;48;2;253;95;85m▄[38;2;253;105;95;48;2;253;95;85m▄[48;2;253;95;85m    [48;2;242;95;86m [48;2;79;99;103m [48;2;233;235;236m [48;2;255;255;255m   [48;2;156;167;169m [48;2;79;99;103m [48;2;255;255;255m [38;2;255;255;255;48;2;253;179;47m▄[38;2;255;255;255;48;2;253;185;63m▄[48;2;255;255;255m  [48;2;167;177;179m [48;2;79;99;103m [48;2;255;255;255m                  [48;2;195;202;215m [48;2;191;198;213m [49m [m
[49m [48;2;191;199;213m  [48;2;255;255;255m       [48;2;79;99;103m  [48;2;112;128;131m [48;2;255;255;255m  [48;2;167;177;179m [48;2;79;99;103m  [48;2;211;216;217m [48;2;255;255;255m  [48;2;79;99;103m [48;2;156;167;169m [48;2;255;255;255m     [48;2;90;108;112m [48;2;145;157;160m [48;2;255;255;255m  [38;2;145;157;160;48;2;200;206;207m▄[38;2;89;98;101;48;2;166;172;173m▄[38;2;253;95;85;48;2;166;97;94m▄[38;2;253;95;85;48;2;242;95;86m▄[48;2;253;95;85m   [38;2;253;132;37;48;2;253;113;61m▄[38;2;253;162;0;48;2;253;128;42m▄[38;2;253;162;0;48;2;254;208;127m▄▄[38;2;253;185;63;48;2;254;220;159m▄[48;2;255;255;255m            [38;2;253;191;79;48;2;254;223;167m▄[38;2;253;162;0;48;2;254;208;127m▄▄[38;2;253;162;0;48;2;253;133;47m▄[38;2;253;136;31;48;2;253;115;58m▄[48;2;253;95;85m   [38;2;253;95;85;48;2;247;95;85m▄[38;2;253;95;85;48;2;166;97;94m▄[38;2;100;98;100;48;2;166;167;168m▄[38;2;134;147;150;48;2;194;201;202m▄[48;2;255;255;255m  [48;2;156;167;169m [48;2;79;99;103m [48;2;255;255;255m     [48;2;167;177;179m [48;2;79;99;103m [48;2;255;255;255m                  [48;2;195;202;215m [48;2;191;198;213m [49m [m
[49m [48;2;191;199;213m  [48;2;255;255;255m     [38;2;230;233;233;48;2;156;167;169m▄[38;2;211;216;217;48;2;79;99;103m▄▄▄▄▄[48;2;255;255;255m [38;2;233;235;236;48;2;167;177;179m▄[38;2;211;216;217;48;2;79;99;103m▄▄▄[38;2;219;223;224;48;2;112;128;131m▄[48;2;255;255;255m  [38;2;235;237;238;48;2;178;186;188m▄[38;2;211;216;217;48;2;79;99;103m▄[38;2;123;138;141;48;2;255;255;255m▄▄[38;2;134;147;150;48;2;233;235;236m▄[38;2;211;216;217;48;2;79;99;103m▄[38;2;252;252;252;48;2;244;245;245m▄[48;2;255;255;255m   [48;2;145;157;160m [48;2;89;98;101m [48;2;253;95;85m    [48;2;253;162;0m    [38;2;254;218;155;48;2;253;162;0m▄[38;2;254;231;191;48;2;253;162;0m▄▄[48;2;253;162;0m [38;2;253;173;31;48;2;254;208;127m▄[38;2;253;185;63;48;2;255;255;255m▄[48;2;255;255;255m    [38;2;253;185;63;48;2;255;255;255m▄[38;2;253;175;35;48;2;254;214;143m▄[48;2;253;162;0m [38;2;254;231;191;48;2;253;162;0m▄▄[38;2;254;223;167;48;2;253;162;0m▄[48;2;253;162;0m    [48;2;253;95;85m    [48;2;100;98;100m [48;2;134;147;150m [48;2;255;255;255m    [38;2;211;216;217;48;2;79;99;103m▄[38;2;139;152;155;48;2;222;225;226m▄[38;2;123;138;141;48;2;255;255;255m▄▄[38;2;211;216;217;48;2;79;99;103m▄[38;2;233;235;236;48;2;167;177;179m▄[48;2;255;255;255m                   [48;2;195;202;215m [48;2;191;198;213m [49m [m
[49m [48;2;191;199;213m  [48;2;255;255;255m     [38;2;156;167;169;48;2;236;238;238m▄[38;2;79;99;103;48;2;222;225;226m▄▄▄▄▄▄▄▄▄[38;2;211;216;217;48;2;246;247;247m▄[48;2;255;255;255m     [38;2;255;255;255;48;2;112;128;131m▄▄[38;2;255;255;255;48;2;129;144;146m▄[48;2;255;255;255m     [48;2;145;157;160m [48;2;89;98;101m [48;2;253;95;85m  [38;2;242;134;127;48;2;251;102;92m▄[38;2;220;220;220;48;2;246;118;110m▄[38;2;220;220;220;48;2;246;172;41m▄[38;2;238;187;96;48;2;250;166;18m▄[48;2;253;162;0m [38;2;255;255;255;48;2;253;179;47m▄[38;2;112;128;131;48;2;227;217;192m▄[38;2;79;99;103;48;2;222;225;226m▄▄[38;2;255;255;255;48;2;253;179;47m▄[38;2;254;208;127;48;2;253;170;23m▄[48;2;253;162;0m [48;2;255;255;255m    [48;2;253;162;0m [38;2;253;202;111;48;2;253;169;20m▄[38;2;255;255;255;48;2;253;179;47m▄[38;2;79;99;103;48;2;222;225;226m▄▄[38;2;101;118;122;48;2;225;219;204m▄[38;2;255;255;255;48;2;253;179;47m▄[38;2;253;167;15;48;2;253;163;2m▄[38;2;253;196;95;48;2;253;168;17m▄[38;2;255;255;255;48;2;253;179;47m▄[38;2;255;255;255;48;2;253;125;116m▄[38;2;253;155;148;48;2;253;106;96m▄[48;2;253;95;85m  [48;2;100;98;100m [48;2;134;147;150m [48;2;255;255;255m     [38;2;255;255;255;48;2;138;152;154m▄[38;2;255;255;255;48;2;112;128;131m▄▄[48;2;255;255;255m                     [48;2;195;202;215m [48;2;191;198;213m [49m [m
[49m [48;2;191;199;213m  [48;2;255;255;255m       [48;2;79;99;103m  [48;2;112;128;131m [48;2;255;255;255m  [38;2;211;216;217;48;2;167;177;179m▄[38;2;167;177;179;48;2;79;99;103m▄▄[38;2;233;235;236;48;2;211;216;217m▄[48;2;255;255;255m             [38;2;200;206;207;48;2;145;157;160m▄[38;2;166;172;173;48;2;89;98;101m▄[38;2;166;97;94;48;2;253;95;85m▄[38;2;242;95;86;48;2;253;95;85m▄[48;2;242;134;127m [48;2;220;220;220m  [48;2;239;239;239m [48;2;255;255;255m [38;2;254;208;127;48;2;253;162;0m▄▄▄▄▄[38;2;254;231;191;48;2;254;208;127m▄[48;2;255;255;255m      [38;2;254;234;199;48;2;254;214;143m▄[38;2;254;208;127;48;2;253;162;0m▄▄▄▄▄[38;2;254;252;247;48;2;254;249;239m▄[48;2;255;255;255m   [48;2;253;155;148m [38;2;247;95;85;48;2;253;95;85m▄[38;2;166;97;94;48;2;253;95;85m▄[38;2;166;167;168;48;2;100;98;100m▄[38;2;194;201;202;48;2;134;147;150m▄[48;2;255;255;255m                             [48;2;195;202;215m [48;2;191;198;213m [49m [m
[49m [48;2;191;199;213m  [48;2;255;255;255m       [48;2;79;99;103m  [38;2;79;99;103;48;2;112;128;131m▄[38;2;79;99;103;48;2;255;255;255m▄▄▄▄[48;2;255;255;255m                [48;2;244;245;245m [48;2;79;99;103m [38;2;202;204;205;48;2;231;95;87m▄[38;2;220;220;220;48;2;242;134;127m▄[48;2;220;220;220m  [48;2;239;239;239m [48;2;255;255;255m      [38;2;223;223;223;48;2;255;255;255m▄[38;2;192;192;192;48;2;255;255;255m▄[48;2;255;255;255m    [38;2;192;192;192;48;2;255;255;255m▄[38;2;219;219;219;48;2;255;255;255m▄[48;2;255;255;255m         [38;2;255;255;255;48;2;253;155;148m▄[38;2;244;245;245;48;2;242;95;86m▄[48;2;79;99;103m [48;2;233;235;236m [48;2;255;255;255m                              [48;2;195;202;215m [48;2;191;198;213m [49m [m
[49m [48;2;191;199;213m  [48;2;255;255;255m       [48;2;79;99;103m  [38;2;112;128;131;48;2;103;120;124m▄[38;2;255;255;255;48;2;211;216;217m▄▄▄▄[48;2;255;255;255m               [38;2;145;157;160;48;2;172;181;183m▄[38;2;87;106;110;48;2;126;141;144m▄[38;2;220;220;220;48;2;184;189;190m▄[38;2;220;220;220;48;2;215;216;216m▄[48;2;220;220;220m  [38;2;253;95;85;48;2;244;126;118m▄[38;2;253;168;162;48;2;250;198;195m▄[38;2;254;225;223;48;2;255;255;255m▄▄▄[38;2;254;232;231;48;2;255;255;255m▄[48;2;255;255;255m  [38;2;255;255;255;48;2;247;247;247m▄[38;2;255;255;255;48;2;239;239;239m▄[38;2;203;203;203;48;2;207;207;207m▄▄▄▄[38;2;255;255;255;48;2;239;239;239m▄[38;2;255;255;255;48;2;246;246;246m▄[48;2;255;255;255m  [38;2;254;234;233;48;2;255;255;255m▄[38;2;254;225;223;48;2;255;255;255m▄▄▄[38;2;254;176;171;48;2;254;210;207m▄[38;2;253;95;85;48;2;253;135;127m▄[48;2;255;255;255m  [38;2;255;255;255;48;2;252;252;252m▄[38;2;255;255;255;48;2;211;216;217m▄[38;2;101;118;122;48;2;134;147;150m▄[38;2;134;147;150;48;2;164;174;176m▄[48;2;255;255;255m                             [48;2;195;202;215m [48;2;191;198;213m [49m [m
[49m [48;2;191;199;213m  [48;2;255;255;255m       [48;2;79;99;103m  [48;2;112;128;131m [48;2;255;255;255m  [38;2;167;177;179;48;2;255;255;255m▄[38;2;79;99;103;48;2;255;255;255m▄▄[38;2;211;216;217;48;2;255;255;255m▄[48;2;255;255;255m             [48;2;145;157;160m [48;2;87;106;110m [48;2;220;220;220m    [48;2;253;95;85m     [38;2;253;95;85;48;2;253;135;127m▄[38;2;253;95;85;48;2;255;255;255m▄▄▄▄▄▄▄▄▄▄▄▄[38;2;253;95;85;48;2;253;145;138m▄[48;2;253;95;85m     [48;2;255;255;255m    [48;2;101;118;122m [48;2;134;147;150m [48;2;255;255;255m                             [48;2;195;202;215m [48;2;191;198;213m [49m [m
[49m [48;2;191;199;213m  [48;2;255;255;255m     [38;2;156;167;169;48;2;205;211;212m▄[38;2;79;99;103;48;2;167;177;179m▄[48;2;79;99;103m  [38;2;79;99;103;48;2;95;113;117m▄[38;2;79;99;103;48;2;167;177;179m▄▄[38;2;79;99;103;48;2;123;138;141m▄[48;2;79;99;103m  [48;2;211;216;217m [48;2;255;255;255m             [38;2;255;255;255;48;2;200;206;207m▄[38;2;244;245;245;48;2;165;175;177m▄[38;2;79;99;103;48;2;149;159;161m▄[38;2;202;204;205;48;2;211;212;212m▄[48;2;220;220;220m  [38;2;255;255;255;48;2;254;175;170m▄[38;2;253;165;159;48;2;253;130;122m▄[48;2;253;95;85m                    [38;2;253;155;148;48;2;253;125;116m▄[38;2;255;255;255;48;2;254;175;170m▄[48;2;255;255;255m  [38;2;244;245;245;48;2;249;250;250m▄[38;2;79;99;103;48;2;167;177;179m▄[38;2;233;235;236;48;2;167;177;179m▄[38;2;255;255;255;48;2;194;201;202m▄[48;2;255;255;255m [38;2;243;243;243;48;2;249;249;249m▄[38;2;249;249;249;48;2;252;252;252m▄[48;2;255;255;255m                          [48;2;195;202;215m [48;2;191;198;213m [49m [m
[49m [48;2;191;199;213m  [48;2;255;255;255m [38;2;247;247;247;48;2;255;255;255m▄[38;2;248;248;248;48;2;255;255;255m▄[48;2;255;255;255m  [38;2;180;189;190;48;2;255;255;255m▄[38;2;123;138;141;48;2;255;255;255m▄▄▄▄▄▄▄▄[48;2;255;255;255m                  [38;2;216;220;221;48;2;101;118;122m▄[38;2;180;188;190;48;2;123;136;139m▄[38;2;114;129;132;48;2;220;220;220m▄[48;2;220;220;220m [48;2;239;239;239m [48;2;255;255;255m [48;2;253;95;85m    [38;2;253;135;127;48;2;255;255;255m▄[38;2;254;195;191;48;2;255;255;255m▄[48;2;255;255;255m      [38;2;254;202;199;48;2;255;255;255m▄[38;2;253;135;127;48;2;255;255;255m▄[48;2;253;95;85m    [48;2;254;245;244m [48;2;255;255;255m  [38;2;123;138;141;48;2;255;255;255m▄[38;2;178;186;188;48;2;145;157;160m▄[38;2;213;218;219;48;2;90;108;112m▄[48;2;255;255;255m     [38;2;253;253;253;48;2;248;248;248m▄[38;2;252;252;252;48;2;243;243;243m▄[38;2;246;246;246;48;2;255;255;255m▄[38;2;250;250;250;48;2;255;255;255m▄[48;2;255;255;255m                       [48;2;195;202;215m [48;2;191;198;213m [49m [m
[49m [48;2;191;199;213m  [48;2;255;255;255m [38;2;255;255;255;48;2;246;246;246m▄[38;2;252;252;252;48;2;247;247;247m▄[38;2;243;243;243;48;2;252;252;252m▄[48;2;255;255;255m [38;2;255;255;255;48;2;174;183;185m▄[38;2;255;255;255;48;2;112;128;131m▄[48;2;79;99;103m  [38;2;112;128;131;48;2;85;104;108m▄[38;2;255;255;255;48;2;112;128;131m▄▄[38;2;167;177;179;48;2;95;113;117m▄[48;2;79;99;103m [38;2;79;99;103;48;2;222;225;226m▄[38;2;211;216;217;48;2;246;247;247m▄[48;2;255;255;255m                 [48;2;200;206;207m [48;2;79;99;103m [48;2;220;220;220m [38;2;220;220;220;48;2;235;235;235m▄[38;2;220;220;220;48;2;248;248;248m▄[38;2;255;255;255;48;2;253;125;116m▄[38;2;253;125;116;48;2;253;100;90m▄[48;2;253;95;85m   [38;2;253;95;85;48;2;253;160;154m▄[38;2;253;95;85;48;2;254;225;223m▄▄▄▄▄▄[38;2;253;95;85;48;2;253;168;162m▄[48;2;253;95;85m   [38;2;253;115;106;48;2;253;98;88m▄[38;2;255;255;255;48;2;253;125;116m▄[38;2;255;255;255;48;2;254;246;246m▄[48;2;255;255;255m  [48;2;79;99;103m [48;2;189;196;198m [48;2;255;255;255m        [48;2;243;243;243m  [38;2;246;246;246;48;2;250;250;250m▄[48;2;255;255;255m      [38;2;222;225;226;48;2;248;249;249m▄[38;2;79;99;103;48;2;222;225;226m▄▄[38;2;156;167;169;48;2;236;238;238m▄[48;2;255;255;255m  [38;2;134;147;150;48;2;232;234;235m▄[38;2;79;99;103;48;2;222;225;226m▄▄▄[38;2;145;157;160;48;2;234;236;237m▄[48;2;255;255;255m     [48;2;195;202;215m [48;2;191;198;213m [49m [m
[49m [48;2;191;199;213m  [48;2;255;255;255m  [38;2;253;253;253;48;2;252;252;252m▄[38;2;249;249;249;48;2;243;243;243m▄[48;2;243;243;243m [38;2;246;246;246;48;2;249;249;249m▄[38;2;249;249;249;48;2;255;255;255m▄[48;2;79;99;103m  [48;2;112;128;131m [48;2;255;255;255m  [38;2;211;216;217;48;2;255;255;255m▄[38;2;167;177;179;48;2;255;255;255m▄[48;2;79;99;103m [48;2;211;216;217m [48;2;255;255;255m              [38;2;249;250;250;48;2;255;255;255m▄[38;2;167;177;179;48;2;255;255;255m▄▄▄▄[38;2;149;159;161;48;2;79;99;103m▄[38;2;189;193;194;48;2;158;167;168m▄[48;2;220;220;220m  [38;2;234;234;234;48;2;248;248;248m▄[38;2;241;221;220;48;2;254;215;212m▄[38;2;254;175;170;48;2;253;95;85m▄▄[38;2;253;135;127;48;2;253;95;85m▄[48;2;253;95;85m      [38;2;253;130;122;48;2;253;95;85m▄[38;2;254;175;170;48;2;253;95;85m▄▄[38;2;254;230;228;48;2;254;205;201m▄[48;2;255;255;255m   [38;2;215;219;219;48;2;189;196;198m▄[38;2;149;159;161;48;2;79;99;103m▄[38;2;167;177;179;48;2;255;255;255m▄▄▄▄▄[38;2;194;201;202;48;2;255;255;255m▄[48;2;255;255;255m     [38;2;250;250;250;48;2;245;245;245m▄[38;2;248;248;248;48;2;243;243;243m▄[38;2;243;243;243;49m▄[38;2;249;249;249;48;2;255;255;255m▄[38;2;252;252;252;48;2;255;255;255m▄[48;2;255;255;255m   [38;2;238;240;240;48;2;222;225;226m▄[38;2;167;177;179;48;2;79;99;103m▄[48;2;79;99;103m [38;2;117;133;136;48;2;156;167;169m▄[38;2;167;177;179;48;2;255;255;255m▄[48;2;255;255;255m [48;2;134;147;150m [48;2;79;99;103m  [48;2;255;255;255m       [48;2;195;202;215m [48;2;191;198;213m [49m [m
[49m [48;2;191;199;213m  [48;2;255;255;255m    [38;2;255;255;255;48;2;243;243;243m▄[38;2;248;248;248;48;2;243;243;243m▄[48;2;243;243;243m [48;2;79;99;103m  [38;2;79;99;103;48;2;112;128;131m▄[38;2;79;99;103;48;2;255;255;255m▄▄[38;2;79;99;103;48;2;167;177;179m▄[48;2;79;99;103m [38;2;255;255;255;48;2;79;99;103m▄[38;2;255;255;255;48;2;211;216;217m▄[48;2;255;255;255m          [38;2;189;196;198;48;2;255;255;255m▄[38;2;79;99;103;48;2;255;255;255m▄▄▄[38;2;74;102;112;48;2;244;245;245m▄[38;2;0;156;253;48;2;79;99;103m▄▄▄▄[38;2;0;156;253;48;2;220;220;220m▄[38;2;123;192;234;48;2;220;220;220m▄[48;2;220;220;220m  [38;2;248;248;248;48;2;220;220;220m▄[38;2;255;255;255;48;2;228;228;228m▄[48;2;255;255;255m  [38;2;255;255;255;48;2;254;175;170m▄[38;2;255;255;255;48;2;253;95;85m▄▄▄▄▄▄[38;2;255;255;255;48;2;253;165;159m▄[48;2;255;255;255m   [38;2;250;250;250;48;2;255;255;255m▄[38;2;220;220;220;48;2;255;255;255m▄▄[38;2;137;196;232;48;2;241;241;241m▄[38;2;0;156;253;48;2;220;220;220m▄[38;2;0;156;253;48;2;79;99;103m▄▄▄▄[38;2;112;199;253;48;2;79;99;103m▄[38;2;113;172;206;48;2;134;147;150m▄[38;2;79;99;103;48;2;255;255;255m▄▄[38;2;178;186;188;48;2;255;255;255m▄[48;2;255;255;255m   [38;2;255;255;255;48;2;252;252;252m▄[38;2;255;255;255;48;2;243;243;243m▄[49;38;2;243;243;243m▀[49;38;2;249;249;249m▀[49;38;2;255;255;255m▀[48;2;255;255;255m    [48;2;79;99;103m   [38;2;79;99;103;48;2;255;255;255m▄[38;2;79;99;103;48;2;134;147;150m▄[48;2;79;99;103m  [48;2;255;255;255m  [38;2;255;255;255;49m▄[48;2;255;255;255m    [48;2;195;202;215m [48;2;191;198;213m [49m [m
[49m [48;2;191;199;213m  [48;2;255;255;255m     [48;2;248;248;248m [48;2;243;243;243m [49;38;2;77;97;101m▀▀[38;2;255;255;255;48;2;142;155;157m▄[38;2;255;255;255;48;2;211;216;217m▄[38;2;79;99;102;48;2;79;99;103m▄[38;2;88;107;111;48;2;79;99;103m▄[38;2;97;115;118;48;2;79;99;103m▄[38;2;240;242;242;48;2;255;255;255m▄[38;2;251;251;251;48;2;255;255;255m▄[48;2;255;255;255m     [38;2;222;225;226;48;2;255;255;255m▄▄[38;2;202;211;214;48;2;238;240;240m▄[38;2;64;109;131;48;2;123;138;141m▄▄[38;2;40;127;176;48;2;84;139;168m▄[38;2;0;156;253;48;2;19;141;215m▄▄▄[38;2;1;156;253;48;2;18;142;217m▄[38;2;24;165;253;48;2;0;156;253m▄▄▄▄[38;2;129;206;253;48;2;96;193;253m▄[38;2;129;206;253;48;2;127;202;248m▄[38;2;129;206;253;48;2;151;209;244m▄[38;2;220;224;226;48;2;220;220;220m▄[38;2;206;218;226;48;2;227;227;227m▄[38;2;207;218;224;48;2;228;228;228m▄[38;2;220;220;220;48;2;228;228;228m▄[38;2;248;248;248;48;2;255;255;255m▄▄▄▄▄▄▄▄▄▄[38;2;220;220;220;48;2;228;228;228m▄[38;2;208;218;224;48;2;228;228;228m▄[38;2;202;217;226;48;2;227;227;227m▄[38;2;202;217;226;48;2;220;220;220m▄[38;2;133;206;251;48;2;156;210;243m▄[38;2;135;208;253;48;2;131;203;247m▄[38;2;146;212;253;48;2;96;193;253m▄▄[38;2;135;208;253;48;2;96;193;253m▄[38;2;122;203;253;48;2;90;191;253m▄[38;2;24;165;253;48;2;0;156;253m▄[38;2;24;165;253;48;2;28;166;253m▄[38;2;16;162;253;48;2;28;160;241m▄[38;2;0;156;253;48;2;19;141;215m▄[38;2;104;196;253;48;2;116;179;215m▄[38;2;81;147;184;48;2;120;156;173m▄[38;2;64;109;131;48;2;123;138;141m▄[38;2;88;119;131;48;2;123;138;141m▄[38;2;196;205;208;48;2;230;233;233m▄[38;2;222;225;226;48;2;255;255;255m▄▄[48;2;243;243;243m [38;2;243;243;243;48;2;244;244;244m▄[49m [48;2;255;255;255m  [38;2;225;228;229;48;2;230;233;233m▄[38;2;97;115;118;48;2;123;138;141m▄[38;2;112;128;131;48;2;79;99;103m▄[38;2;174;183;185;48;2;136;150;152m▄[38;2;255;255;255;48;2;211;216;217m▄▄[38;2;133;148;150;48;2;120;135;138m▄[38;2;91;110;113;48;2;88;107;110m▄[38;2;177;186;187;48;2;153;164;166m▄[48;2;255;255;255m  [49;38;2;255;255;255m▀[48;2;255;255;255m    [38;2;227;231;237;48;2;219;224;231m▄[38;2;226;230;236;48;2;217;221;230m▄[49m [m
[49m [38;2;226;229;236;48;2;191;199;213m▄[38;2;226;230;236;48;2;191;199;213m▄[49;38;2;255;255;255m▀▀▀[49m         [49;38;2;179;187;189m▀[49;38;2;178;186;188m▀▀[38;2;255;255;255;48;2;235;237;238m▄[48;2;255;255;255m   [38;2;178;186;188;48;2;255;255;255m▄[38;2;79;99;103;48;2;255;255;255m▄[38;2;0;156;253;48;2;79;99;103m▄▄[38;2;0;156;253;48;2;69;106;121m▄[48;2;0;156;253m    [38;2;129;206;253;48;2;0;156;253m▄▄[38;2;133;207;253;48;2;8;159;253m▄[38;2;200;233;253;48;2;129;206;253m▄▄[38;2;177;224;253;48;2;129;206;253m▄[48;2;129;206;253m [38;2;223;242;253;48;2;129;206;253m▄▄▄[38;2;129;206;253;48;2;223;242;253m▄[38;2;129;206;253;48;2;146;212;253m▄[38;2;96;193;253;48;2;151;209;244m▄[38;2;0;156;253;48;2;220;220;220m▄▄▄▄[38;2;129;206;253;48;2;220;220;220m▄▄[38;2;146;212;253;48;2;220;220;220m▄[38;2;223;242;253;48;2;220;220;220m▄[38;2;129;206;253;48;2;220;220;220m▄[38;2;72;184;253;48;2;220;220;220m▄[38;2;0;156;253;48;2;220;220;220m▄▄[38;2;88;190;253;48;2;157;210;242m▄[48;2;129;206;253m   [38;2;129;206;253;48;2;164;219;253m▄[38;2;129;206;253;48;2;223;242;253m▄▄[38;2;129;206;253;48;2;164;219;253m▄[38;2;134;208;253;48;2;129;206;253m▄[38;2;223;242;253;48;2;129;206;253m▄[38;2;140;210;253;48;2;129;206;253m▄[38;2;129;206;253;48;2;88;190;253m▄[38;2;129;206;253;48;2;0;156;253m▄▄[38;2;56;177;253;48;2;0;156;253m▄[48;2;0;156;253m [38;2;0;156;253;48;2;129;206;253m▄[38;2;130;206;253;48;2;88;119;131m▄[38;2;170;221;253;48;2;79;99;103m▄[38;2;200;233;253;48;2;79;99;103m▄[38;2;178;186;188;48;2;243;243;243m▄[38;2;179;187;189;48;2;243;243;243m▄[49m  [49;38;2;255;255;255m▀[49;38;2;240;242;242m▀[49;38;2;178;186;188m▀[49;38;2;255;255;255m▀▀▀[49m        [49;38;2;255;255;255m▀▀▀[49;38;2;227;231;237m▀[49;38;2;226;230;236m▀[49m [m
[49m [49;38;2;226;229;236m▀[49;38;2;227;231;237m▀[49m               [49;38;2;255;255;255m▀▀▀[48;2;255;255;255m [38;2;143;211;254;48;2;160;199;221m▄[38;2;0;156;253;48;2;39;127;178m▄[48;2;0;156;253m     [38;2;48;174;253;48;2;24;165;253m▄[38;2;129;206;253;48;2;64;181;253m▄[48;2;129;206;253m [38;2;129;207;252;48;2;128;205;252m▄[49;38;2;133;207;253m▀[49;38;2;201;233;253m▀▀[49;38;2;177;225;253m▀[49;38;2;129;207;253m▀[38;2;200;233;253;48;2;211;237;253m▄[38;2;160;217;253;48;2;191;229;253m▄[38;2;129;206;253;48;2;176;224;253m▄[38;2;0;156;253;48;2;64;181;253m▄▄[38;2;0;156;253;48;2;48;174;253m▄[48;2;0;156;253m  [38;2;64;181;253;48;2;32;168;253m▄[38;2;129;206;253;48;2;64;181;253m▄[48;2;129;206;253m  [38;2;129;206;253;48;2;137;209;253m▄[38;2;129;206;253;48;2;176;224;253m▄[38;2;223;242;253;48;2;176;224;253m▄[38;2;181;226;253;48;2;127;205;253m▄[38;2;129;206;253;48;2;64;181;253m▄[48;2;0;156;253m [38;2;0;156;253;48;2;44;173;253m▄[38;2;0;156;253;48;2;64;181;253m▄▄[38;2;120;202;253;48;2;124;204;253m▄[48;2;129;206;253m    [38;2;129;206;253;48;2;131;207;253m▄[38;2;129;206;253;48;2;176;224;253m▄[38;2;129;206;253;48;2;134;208;253m▄[38;2;158;217;253;48;2;143;211;253m▄[38;2;223;242;253;48;2;176;224;253m▄[48;2;129;206;253m [38;2;129;206;253;48;2;92;191;253m▄[38;2;129;206;253;48;2;64;181;253m▄[38;2;200;233;253;48;2;100;194;253m▄[38;2;201;233;255;48;2;142;211;253m▄[49;38;2;171;221;253m▀[49;38;2;201;233;253m▀[49;38;2;179;187;189m▀[49;38;2;178;186;190m▀[49m                      [m
[49m                     [48;2;243;243;243m [38;2;245;245;245;48;2;248;248;248m▄[38;2;246;246;246;48;2;255;255;255m▄[38;2;191;230;254;48;2;0;156;253m▄[38;2;162;218;253;48;2;0;156;253m▄[38;2;147;212;253;48;2;16;162;253m▄[48;2;129;206;253m [38;2;178;224;253;48;2;129;206;253m▄[38;2;176;223;252;48;2;129;206;253m▄[38;2;130;206;255;48;2;129;206;253m▄[49m            [38;2;0;153;255;48;2;0;158;255m▄[38;2;0;158;255;48;2;0;156;253m▄[38;2;182;226;253;48;2;129;206;253m▄▄▄[48;2;129;206;253m    [38;2;152;215;253;48;2;223;242;253m▄[38;2;173;222;253;48;2;181;226;253m▄[38;2;199;233;253;48;2;129;206;253m▄[48;2;129;206;253m [38;2;106;197;253;48;2;40;171;253m▄[38;2;84;188;253;48;2;0;156;253m▄[48;2;0;156;253m  [38;2;12;160;253;48;2;48;174;253m▄[38;2;32;168;253;48;2;129;206;253m▄[48;2;129;206;253m [38;2;148;213;253;48;2;207;236;254m▄[38;2;165;219;253;48;2;255;255;255m▄[38;2;255;255;255;49m▄[38;2;168;219;255;48;2;128;206;253m▄[38;2;129;205;253;48;2;129;206;253m▄[48;2;129;206;253m [38;2;205;235;253;48;2;223;242;253m▄[38;2;205;234;253;48;2;210;236;253m▄[38;2;202;235;255;48;2;200;233;253m▄[49m                            [m
[49m                      [48;2;244;244;244m [48;2;243;243;243m [38;2;243;243;243;48;2;252;252;252m▄[38;2;243;243;243;48;2;222;240;251m▄[38;2;230;238;242;48;2;198;231;251m▄[38;2;144;204;242;48;2;131;205;250m▄[38;2;153;204;255;48;2;194;231;253m▄[49;38;2;200;233;253m▀[49m               [38;2;129;206;253;48;2;186;227;253m▄[38;2;136;205;247;48;2;188;227;251m▄[38;2;144;204;242;48;2;189;227;250m▄[38;2;0;139;227;48;2;104;193;248m▄▄▄▄[48;2;129;206;253m [48;2;170;221;253m [48;2;223;242;253m [48;2;129;206;253m  [48;2;112;199;253m [48;2;0;156;253m    [38;2;0;156;253;48;2;104;196;253m▄[38;2;159;217;254;48;2;134;208;253m▄[38;2;255;255;255;48;2;159;217;253m▄[48;2;255;255;255m  [49;38;2;128;207;255m▀[49;38;2;128;206;253m▀[49;38;2;200;233;253m▀[49;38;2;201;232;252m▀[49m                             [m
[49m                        [48;2;243;243;243m  [48;2;242;242;242m [49m                   [38;2;146;206;243;48;2;145;205;243m▄[38;2;145;205;243;48;2;144;204;242m▄[38;2;199;229;248;48;2;144;204;242m▄[38;2;49;161;232;48;2;36;155;230m▄[48;2;0;139;227m     [38;2;64;172;240;48;2;129;206;253m▄[38;2;108;195;248;48;2;129;206;253m▄[48;2;129;206;253m  [48;2;8;159;253m [48;2;0;156;253m   [48;2;159;217;254m [48;2;255;255;255m   [49m                                 [m
[49m                        [49;38;2;243;243;243m▀[48;2;243;243;243m [48;2;242;242;242m [49m                     [48;2;255;255;255m [38;2;171;216;245;48;2;63;168;234m▄[38;2;117;191;239;48;2;0;139;227m▄[48;2;0;139;227m     [38;2;99;183;237;48;2;88;185;244m▄[38;2;151;207;243;48;2;129;206;253m▄[38;2;200;233;253;48;2;129;206;253m▄[38;2;133;207;253;48;2;8;159;253m▄[38;2;80;187;253;48;2;0;156;253m▄[48;2;0;156;253m [38;2;255;255;255;48;2;0;156;253m▄[38;2;255;255;255;48;2;159;217;254m▄[49;38;2;255;255;255m▀[49m                                   [m
[49m                         [49;38;2;243;243;243m▀[49;38;2;246;246;246m▀[49m                     [49;38;2;255;255;255m▀[38;2;255;255;255;48;2;229;243;251m▄[38;2;241;242;242;48;2;209;229;241m▄[38;2;192;198;200;48;2;133;174;197m▄[38;2;33;147;219;48;2;0;139;227m▄[38;2;30;149;224;48;2;0;139;227m▄[38;2;27;151;229;48;2;0;139;227m▄[48;2;0;139;227m [48;2;99;183;237m [38;2;144;204;242;48;2;145;204;242m▄[38;2;144;204;242;48;2;158;211;244m▄[38;2;196;231;252;48;2;180;225;252m▄[38;2;187;228;253;48;2;159;217;253m▄[38;2;160;218;253;48;2;120;202;253m▄[49;38;2;255;255;255m▀▀[49m                                    [m
[49m                                                  [48;2;255;255;255m  [38;2;255;255;255;48;2;178;186;188m▄[38;2;221;224;225;48;2;163;193;211m▄[38;2;178;186;188;48;2;144;204;242m▄[49;38;2;0;139;227m▀[49;38;2;99;183;237m▀[49;38;2;144;204;242m▀▀[49;38;2;196;231;252m▀[49;38;2;200;233;253m▀[49m                                       [m
[49m                                                  [49;38;2;255;255;255m▀▀▀[49;38;2;221;225;225m▀[49;38;2;179;187;189m▀[49m                                             [m
[49m                                                                                                    [m
[49m                                                                                                    [m
[49m                                                                                                    [m
[49m                                                                                                    [m
[49m                                                                                                    [m
[49m                                                                                                    [m
[49m                                                                                                    [m
[49m                                                                                                    [m
[49m                                                                                                    [m
[49m                                                                                                    [m
[49m                                                                                                    [m
[49m                                                                                                    [m