[49m     [38;2;190;203;216;49m▄[38;2;191;199;213;49m▄▄▄▄▄▄▄▄▄▄▄▄▄▄▄▄▄▄▄▄▄▄▄▄▄▄▄▄▄▄▄▄▄▄▄▄▄▄▄▄▄▄▄▄▄▄▄▄▄▄▄▄▄▄▄▄▄▄▄▄▄▄▄▄▄▄▄▄▄▄▄▄▄▄▄▄▄▄▄▄▄▄▄▄▄▄▄▄[38;2;193;198;213;49m▄[49m     [m
[49m   [38;2;191;199;213;48;2;187;204;221m▄▄[38;2;207;213;223;48;2;194;201;214m▄[38;2;255;255;255;48;2;195;202;215m▄▄▄▄▄▄▄▄▄▄▄▄▄▄▄▄▄▄▄▄▄▄▄▄▄▄▄▄▄▄▄▄▄▄▄▄▄▄▄▄▄▄▄▄▄▄▄▄▄▄▄▄▄▄▄▄▄▄▄▄▄▄▄▄▄▄▄▄▄▄▄▄▄▄▄▄▄▄▄▄▄▄▄▄▄▄▄▄[38;2;211;216;226;48;2;196;201;215m▄[38;2;191;199;213;48;2;187;204;221m▄▄[38;2;187;204;221;49m▄[49m  [m
[49m [38;2;193;198;213;49m▄[38;2;190;200;213;49m▄[38;2;211;216;226;48;2;191;199;213m▄[38;2;249;250;251;48;2;240;241;245m▄[38;2;255;255;255;48;2;249;249;251m▄[48;2;255;255;255m [38;2;200;206;207;48;2;255;255;255m▄▄▄▄▄▄▄▄▄▄▄▄▄▄▄▄▄▄▄▄▄▄▄▄▄▄▄▄▄▄▄▄▄▄▄▄▄▄▄▄▄▄▄▄▄▄▄▄▄▄▄▄▄▄▄▄▄▄▄▄▄▄▄▄▄▄▄▄▄▄▄▄▄▄▄▄▄▄▄▄▄▄▄▄▄▄[48;2;255;255;255m [38;2;255;255;255;48;2;249;250;251m▄[38;2;252;252;253;48;2;243;244;247m▄[38;2;211;216;226;48;2;191;199;213m▄[38;2;196;201;215;48;2;187;204;221m▄[38;2;194;198;212;49m▄[49m [m
[49m [48;2;191;199;213m  [48;2;255;255;255m  [38;2;211;216;217;48;2;255;255;255m▄[38;2;79;99;103;48;2;255;255;255m▄[48;2;79;99;103m                                                                                      [38;2;79;99;103;48;2;255;255;255m▄[38;2;200;206;207;48;2;255;255;255m▄[48;2;255;255;255m  [48;2;195;202;215m [48;2;191;198;213m [49m [m
[49m [48;2;191;199;213m  [48;2;255;255;255m  [48;2;211;216;217m [48;2;79;99;103m      [38;2;81;100;104;48;2;79;99;103m▄[38;2;90;108;112;48;2;79;99;103m▄▄▄▄▄[38;2;81;101;105;48;2;79;99;103m▄[48;2;79;99;103m                                                                           [48;2;200;206;207m [48;2;255;255;255m  [48;2;195;202;215m [48;2;191;198;213m [49m [m
[49m [48;2;191;199;213m  [48;2;255;255;255m  [48;2;211;216;217m [48;2;79;99;103m     [38;2;204;209;211;48;2;79;99;103m▄[38;2;237;239;239;48;2;112;128;131m▄[48;2;255;255;255m     [48;2;123;138;141m [48;2;79;99;103m                                                                           [48;2;200;206;207m [48;2;255;255;255m  [48;2;195;202;215m [48;2;191;198;213m [49m [m
[49m [48;2;191;199;213m  [48;2;255;255;255m  [48;2;211;216;217m [48;2;79;99;103m     [38;2;79;99;103;48;2;177;186;187m▄[38;2;79;99;103;48;2;200;206;207m▄▄[48;2;255;255;255m   [38;2;79;99;103;48;2;200;206;207m▄[38;2;79;99;103;48;2;109;125;129m▄[48;2;79;99;103m                                                                           [48;2;200;206;207m [48;2;255;255;255m  [48;2;195;202;215m [48;2;191;198;213m [49m [m
[49m [48;2;191;199;213m  [48;2;255;255;255m  [48;2;211;216;217m [48;2;79;99;103m        [48;2;255;255;255m   [48;2;79;99;103m                                                                             [48;2;200;206;207m [48;2;255;255;255m  [48;2;195;202;215m [48;2;191;198;213m [49m [m
[49m [48;2;191;199;213m  [48;2;255;255;255m  [48;2;211;216;217m [48;2;79;99;103m  [38;2;178;186;188;48;2;85;104;108m▄[38;2;255;255;255;48;2;90;108;112m▄▄[38;2;112;128;131;48;2;81;100;104m▄[48;2;79;99;103m  [48;2;255;255;255m   [48;2;79;99;103m                                                                             [48;2;200;206;207m [48;2;255;255;255m  [48;2;195;202;215m [48;2;191;198;213m [49m [m
[49m [48;2;191;199;213m  [48;2;255;255;255m  [48;2;211;216;217m [48;2;79;99;103m  [38;2;147;159;161;48;2;178;186;188m▄[38;2;200;206;207;48;2;255;255;255m▄[48;2;255;255;255m [38;2;255;255;255;48;2;237;239;239m▄[38;2;232;234;235;48;2;204;209;211m▄[38;2;134;147;150;48;2;79;99;103m▄[48;2;255;255;255m [38;2;227;230;231;48;2;255;255;255m▄[38;2;200;206;207;48;2;255;255;255m▄[48;2;79;99;103m    [38;2;198;96;90;48;2;231;95;87m▄▄▄[38;2;133;97;97;48;2;79;99;103m▄[38;2;95;98;101;48;2;79;99;103m▄[48;2;79;99;103m                                              [38;2;133;97;97;48;2;79;99;103m▄▄[38;2;119;98;98;48;2;79;99;103m▄[48;2;79;99;103m                   [48;2;200;206;207m [48;2;255;255;255m  [48;2;195;202;215m [48;2;191;198;213m [49m [m
[49m [48;2;191;199;213m  [48;2;255;255;255m  [48;2;211;216;217m [48;2;79;99;103m    [38;2;79;99;103;48;2;255;255;255m▄▄▄▄▄[38;2;79;99;103;48;2;167;177;179m▄[48;2;79;99;103m        [48;2;253;95;85m [38;2;253;95;85;48;2;133;97;97m▄[38;2;231;95;87;48;2;79;99;103m▄[48;2;79;99;103m [38;2;242;95;86;48;2;79;99;103m▄[38;2;253;95;85;48;2;79;99;103m▄▄[48;2;79;99;103m                                         [38;2;79;99;103;48;2;253;95;85m▄[38;2;220;95;88;48;2;253;95;85m▄[48;2;209;96;89m [48;2;79;99;103m                   [48;2;200;206;207m [48;2;255;255;255m  [48;2;195;202;215m [48;2;191;198;213m [49m [m
[49m [48;2;191;199;213m  [48;2;255;255;255m  [48;2;211;216;217m [48;2;79;99;103m    [38;2;90;108;112;48;2;79;99;103m▄[38;2;224;227;228;48;2;168;178;180m▄[38;2;252;253;253;48;2;189;196;198m▄[38;2;244;245;245;48;2;189;196;198m▄[38;2;255;255;255;48;2;189;196;198m▄[38;2;172;181;183;48;2;134;147;150m▄[38;2;90;108;112;48;2;79;99;103m▄[48;2;79;99;103m       [38;2;79;99;103;48;2;144;97;96m▄▄[38;2;79;99;103;48;2;136;97;97m▄[48;2;79;99;103m [38;2;89;98;101;48;2;140;97;96m▄[38;2;151;97;95;48;2;185;96;92m▄[48;2;253;95;85m [48;2;79;99;103m                                   [38;2;88;98;102;48;2;79;99;103m▄[38;2;86;98;102;48;2;79;99;103m▄[48;2;79;99;103m [38;2;89;98;101;48;2;79;99;103m▄[38;2;181;96;92;48;2;140;97;96m▄[38;2;253;95;85;48;2;187;96;91m▄[38;2;242;95;86;48;2;187;96;91m▄[38;2;242;95;86;48;2;240;95;86m▄[38;2;201;96;90;48;2;209;96;89m▄[48;2;79;99;103m                   [48;2;200;206;207m [48;2;255;255;255m  [48;2;195;202;215m [48;2;191;198;213m [49m [m
[49m [48;2;191;199;213m  [48;2;255;255;255m  [48;2;211;216;217m [48;2;79;99;103m  [38;2;165;175;177;48;2;79;99;103m▄[38;2;233;235;236;48;2;79;99;103m▄[48;2;255;255;255m [38;2;129;144;146;48;2;255;255;255m▄[38;2;96;114;118;48;2;222;225;226m▄[48;2;79;99;103m [38;2;101;118;122;48;2;255;255;255m▄[38;2;178;186;188;48;2;255;255;255m▄[48;2;255;255;255m [38;2;233;235;236;48;2;79;99;103m▄[38;2;117;133;136;48;2;79;99;103m▄[48;2;79;99;103m         [48;2;242;95;86m [48;2;253;95;85m  [48;2;79;99;103m                                 [38;2;88;98;102;48;2;79;99;103m▄[38;2;231;95;87;48;2;79;99;103m▄[38;2;250;95;85;48;2;231;95;87m▄[48;2;198;96;90m [48;2;79;99;103m [48;2;253;95;85m   [48;2;79;99;103m                      [48;2;200;206;207m [48;2;255;255;255m  [48;2;195;202;215m [48;2;191;198;213m [49m [m
[49m [48;2;191;199;213m  [48;2;255;255;255m  [48;2;211;216;217m [48;2;79;99;103m  [48;2;178;186;188m [48;2;255;255;255m  [48;2;112;128;131m [48;2;79;99;103m   [48;2;167;177;179m [48;2;255;255;255m  [48;2;123;138;141m [48;2;79;99;103m         [48;2;242;95;86m [38;2;187;96;91;48;2;232;95;87m▄[38;2;79;99;103;48;2;198;96;90m▄[48;2;79;99;103m                                [38;2;187;96;91;48;2;112;98;99m▄[38;2;253;95;85;48;2;140;97;96m▄[48;2;253;95;85m [38;2;100;98;100;48;2;205;96;89m▄[38;2;79;99;103;48;2;161;97;94m▄[48;2;79;99;103m [48;2;253;95;85m   [48;2;79;99;103m                      [48;2;200;206;207m [48;2;255;255;255m  [48;2;195;202;215m [48;2;191;198;213m [49m [m
[49m [48;2;191;199;213m  [48;2;255;255;255m  [48;2;211;216;217m [48;2;79;99;103m  [48;2;178;186;188m [48;2;255;255;255m  [48;2;112;128;131m [48;2;79;99;103m   [48;2;167;177;179m [48;2;255;255;255m  [48;2;123;138;141m [48;2;79;99;103m         [38;2;140;97;96;48;2;242;95;86m▄[38;2;144;97;96;48;2;253;95;85m▄▄[48;2;79;99;103m [48;2;187;96;91m [48;2;242;95;86m [48;2;79;99;103m                                 [48;2;133;97;97m [48;2;253;95;85m  [48;2;155;97;95m [48;2;79;99;103m                       [48;2;200;206;207m [48;2;255;255;255m  [48;2;195;202;215m [48;2;191;198;213m [49m [m
[49m [48;2;191;199;213m  [48;2;255;255;255m  [48;2;211;216;217m [48;2;79;99;103m  [38;2;79;99;103;48;2;171;181;183m▄[38;2;79;99;103;48;2;244;245;245m▄[48;2;255;255;255m [38;2;255;255;255;48;2;120;136;139m▄[38;2;222;225;226;48;2;87;106;110m▄[48;2;79;99;103m [38;2;255;255;255;48;2;90;108;112m▄[38;2;255;255;255;48;2;172;181;183m▄[48;2;255;255;255m [38;2;79;99;103;48;2;244;245;245m▄[38;2;79;99;103;48;2;120;135;138m▄[48;2;79;99;103m            [38;2;253;95;85;48;2;89;98;101m▄[38;2;253;95;85;48;2;191;96;91m▄[48;2;242;95;86m [48;2;79;99;103m                             [38;2;187;96;91;48;2;85;98;102m▄[38;2;253;95;85;48;2;89;98;101m▄▄[38;2;100;98;100;48;2;80;98;102m▄[38;2;79;99;103;48;2;129;97;97m▄[38;2;79;99;103;48;2;242;95;86m▄▄[38;2;79;99;103;48;2;150;97;95m▄[48;2;79;99;103m                       [48;2;200;206;207m [48;2;255;255;255m  [48;2;195;202;215m [48;2;191;198;213m [49m [m
[49m [48;2;191;199;213m  [48;2;255;255;255m  [48;2;211;216;217m [48;2;79;99;103m    [38;2;79;99;103;48;2;101;118;122m▄[38;2;177;186;187;48;2;226;229;230m▄[38;2;200;206;207;48;2;250;251;251m▄[38;2;200;206;207;48;2;233;235;236m▄[38;2;200;206;207;48;2;255;255;255m▄[38;2;139;152;155;48;2;178;186;188m▄[38;2;79;99;103;48;2;101;118;122m▄[48;2;79;99;103m              [38;2;198;96;90;48;2;253;95;85m▄[38;2;232;95;87;48;2;253;95;85m▄[38;2;253;95;85;48;2;251;95;85m▄[38;2;253;95;85;48;2;231;95;87m▄[38;2;100;98;100;48;2;98;98;101m▄[48;2;79;99;103m                           [38;2;153;97;95;48;2;187;96;91m▄[38;2;202;96;90;48;2;253;95;85m▄[48;2;253;95;85m [38;2;253;95;85;48;2;233;95;86m▄[38;2;215;95;88;48;2;183;96;92m▄[38;2;133;97;97;48;2;79;99;103m▄[48;2;79;99;103m                         [48;2;200;206;207m [48;2;255;255;255m  [48;2;195;202;215m [48;2;191;198;213m [49m [m
[49m [48;2;191;199;213m  [48;2;255;255;255m  [48;2;211;216;217m [48;2;79;99;103m  [38;2;178;186;188;48;2;79;99;103m▄[38;2;255;255;255;48;2;79;99;103m▄▄▄▄▄[48;2;79;99;103m [38;2;167;177;179;48;2;79;99;103m▄[38;2;255;255;255;48;2;79;99;103m▄▄▄[38;2;222;225;226;48;2;79;99;103m▄[48;2;79;99;103m            [48;2;187;96;91m [48;2;253;95;85m  [38;2;253;95;85;48;2;100;98;100m▄[38;2;198;96;90;48;2;79;99;103m▄[48;2;79;99;103m                           [48;2;89;98;101m [48;2;253;95;85m    [48;2;79;99;103m                         [48;2;200;206;207m [48;2;255;255;255m  [48;2;195;202;215m [48;2;191;198;213m [49m [m
[49m [48;2;191;199;213m  [48;2;255;255;255m  [48;2;211;216;217m [48;2;79;99;103m  [38;2;79;99;103;48;2;116;131;135m▄[38;2;79;99;103;48;2;145;157;160m▄[48;2;255;255;255m  [38;2;222;225;226;48;2;234;236;237m▄[38;2;79;99;103;48;2;145;157;160m▄[38;2;90;108;112;48;2;79;99;103m▄[38;2;172;181;183;48;2;167;177;179m▄[48;2;255;255;255m [38;2;244;245;245;48;2;255;255;255m▄[38;2;120;135;138;48;2;172;181;183m▄[38;2;79;99;103;48;2;132;146;149m▄[48;2;79;99;103m           [38;2;253;95;85;48;2;187;96;91m▄[38;2;253;95;85;48;2;228;95;87m▄[48;2;253;95;85m   [48;2;198;96;90m [48;2;79;99;103m                          [38;2;85;98;102;48;2;79;99;103m▄[38;2;100;98;100;48;2;89;98;101m▄[48;2;253;95;85m    [38;2;253;95;85;48;2;187;96;91m▄[38;2;155;97;95;48;2;126;97;98m▄[48;2;79;99;103m                       [48;2;200;206;207m [48;2;255;255;255m  [48;2;195;202;215m [48;2;191;198;213m [49m [m
[49m [48;2;191;199;213m  [48;2;255;255;255m  [48;2;211;216;217m [48;2;79;99;103m    [48;2;255;255;255m  [38;2;250;251;251;48;2;222;225;226m▄[38;2;233;235;236;48;2;79;99;103m▄[48;2;255;255;255m [38;2;178;186;188;48;2;255;255;255m▄[38;2;101;118;122;48;2;255;255;255m▄[48;2;79;99;103m            [38;2;136;97;97;48;2;79;99;103m▄[38;2;231;95;87;48;2;79;99;103m▄[48;2;253;95;85m     [48;2;198;96;90m [48;2;79;99;103m                          [48;2;187;96;91m [48;2;253;95;85m     [38;2;100;98;100;48;2;253;95;85m▄[38;2;88;98;102;48;2;155;97;95m▄[48;2;79;99;103m                       [48;2;200;206;207m [48;2;255;255;255m  [48;2;195;202;215m [48;2;191;198;213m [49m [m
[49m [48;2;191;199;213m  [48;2;255;255;255m  [48;2;211;216;217m [48;2;79;99;103m    [48;2;255;255;255m     [38;2;255;255;255;48;2;194;201;202m▄[38;2;255;255;255;48;2;134;147;150m▄[48;2;79;99;103m            [48;2;144;97;96m [48;2;253;95;85m      [48;2;198;96;90m [48;2;79;99;103m                          [48;2;187;96;91m [48;2;253;95;85m     [48;2;79;99;103m                         [48;2;200;206;207m [48;2;255;255;255m  [48;2;195;202;215m [48;2;191;198;213m [49m [m
[49m [48;2;191;199;213m  [48;2;255;255;255m  [48;2;211;216;217m [48;2;79;99;103m    [48;2;255;255;255m  [48;2;222;225;226m [48;2;79;99;103m  [48;2;167;177;179m [48;2;255;255;255m  [48;2;123;138;141m [48;2;79;99;103m          [48;2;144;97;96m [48;2;253;95;85m      [48;2;198;96;90m [48;2;79;99;103m                          [48;2;187;96;91m [48;2;253;95;85m     [48;2;79;99;103m                         [48;2;200;206;207m [48;2;255;255;255m  [48;2;195;202;215m [48;2;191;198;213m [49m [m
[49m [48;2;191;199;213m  [48;2;255;255;255m  [48;2;211;216;217m [48;2;79;99;103m  [38;2;178;186;188;48;2;85;104;108m▄[38;2;255;255;255;48;2;90;108;112m▄[48;2;255;255;255m  [38;2;255;255;255;48;2;224;227;228m▄[38;2;255;255;255;48;2;90;108;112m▄[48;2;79;99;103m [48;2;167;177;179m [48;2;255;255;255m  [38;2;255;255;255;48;2;131;145;148m▄[38;2;222;225;226;48;2;87;106;110m▄[48;2;79;99;103m         [38;2;79;99;103;48;2;140;97;96m▄[38;2;79;99;103;48;2;242;95;86m▄[48;2;253;95;85m     [48;2;198;96;90m [48;2;79;99;103m                          [48;2;187;96;91m [48;2;253;95;85m     [48;2;79;99;103m                         [48;2;200;206;207m [48;2;255;255;255m  [48;2;195;202;215m [48;2;191;198;213m [49m [m
[49m [48;2;191;199;213m  [48;2;255;255;255m  [48;2;211;216;217m [48;2;79;99;103m  [38;2;109;126;129;48;2;91;109;113m▄[38;2;134;147;150;48;2;101;118;122m▄▄▄▄▄[38;2;134;147;150;48;2;79;99;103m▄[38;2;134;147;150;48;2;90;108;112m▄[38;2;134;147;150;48;2;101;118;122m▄▄[38;2;92;111;114;48;2;101;118;122m▄[38;2;79;99;103;48;2;96;114;118m▄[48;2;79;99;103m           [38;2;79;99;103;48;2;100;98;100m▄[38;2;153;97;95;48;2;195;96;90m▄[38;2;198;96;90;48;2;253;95;85m▄▄[38;2;93;98;101;48;2;119;98;98m▄[38;2;79;99;103;48;2;93;98;101m▄[48;2;79;99;103m                          [38;2;79;99;103;48;2;92;98;101m▄[38;2;86;98;102;48;2;110;98;99m▄[38;2;198;96;90;48;2;253;95;85m▄▄[38;2;161;97;94;48;2;205;96;89m▄[38;2;79;99;103;48;2;100;98;100m▄[48;2;79;99;103m                         [48;2;200;206;207m [48;2;255;255;255m  [48;2;195;202;215m [48;2;191;198;213m [49m [m
[49m [48;2;191;199;213m  [48;2;255;255;255m  [48;2;211;216;217m [48;2;79;99;103m  [38;2;79;99;103;48;2;178;186;188m▄[38;2;79;99;103;48;2;255;255;255m▄[48;2;255;255;255m  [38;2;222;225;226;48;2;255;255;255m▄[38;2;79;99;103;48;2;255;255;255m▄▄[38;2;167;177;179;48;2;255;255;255m▄[48;2;255;255;255m  [48;2;123;138;141m [48;2;79;99;103m                                                                           [48;2;200;206;207m [48;2;255;255;255m  [48;2;195;202;215m [48;2;191;198;213m [49m [m
[49m [48;2;191;199;213m  [48;2;255;255;255m  [48;2;211;216;217m [48;2;79;99;103m    [48;2;255;255;255m  [38;2;224;227;228;48;2;222;225;226m▄[38;2;90;108;112;48;2;79;99;103m▄▄[38;2;90;108;112;48;2;112;128;131m▄[38;2;90;108;112;48;2;145;157;160m▄[38;2;79;99;103;48;2;145;157;160m▄[38;2;79;99;103;48;2;95;113;117m▄[48;2;79;99;103m                                                                           [48;2;200;206;207m [48;2;255;255;255m  [48;2;195;202;215m [48;2;191;198;213m [49m [m
[49m [48;2;191;199;213m  [48;2;255;255;255m  [48;2;211;216;217m [48;2;79;99;103m    [48;2;255;255;255m  [38;2;226;229;230;48;2;255;255;255m▄[38;2;101;118;122;48;2;255;255;255m▄▄▄▄[48;2;79;99;103m                                                                             [48;2;200;206;207m [48;2;255;255;255m  [48;2;195;202;215m [48;2;191;198;213m [49m [m
[49m [48;2;191;199;213m  [48;2;255;255;255m  [48;2;211;216;217m [48;2;79;99;103m    [48;2;255;255;255m  [48;2;222;225;226m [48;2;79;99;103m  [38;2;166;97;94;48;2;106;98;100m▄[38;2;253;95;85;48;2;133;97;97m▄[48;2;79;99;103m       [38;2;253;95;85;48;2;133;97;97m▄[38;2;133;97;97;48;2;95;98;101m▄[48;2;79;99;103m                                                                    [48;2;200;206;207m [48;2;255;255;255m  [48;2;195;202;215m [48;2;191;198;213m [49m [m
[49m [48;2;191;199;213m  [48;2;255;255;255m  [48;2;211;216;217m [48;2;79;99;103m  [38;2;140;153;156;48;2;79;99;103m▄[38;2;189;196;198;48;2;79;99;103m▄[48;2;255;255;255m  [38;2;242;244;244;48;2;222;225;226m▄[38;2;189;196;198;48;2;79;99;103m▄▄[38;2;222;225;226;48;2;167;177;179m▄[48;2;255;255;255m  [38;2;204;136;132;48;2;123;138;141m▄[38;2;167;96;93;48;2;79;99;103m▄[48;2;79;99;103m                       [38;2;106;98;100;48;2;79;99;103m▄[38;2;187;96;91;48;2;79;99;103m▄[48;2;253;95;85m [48;2;166;97;94m [48;2;79;99;103m        [48;2;253;95;85m [38;2;208;96;89;48;2;133;97;97m▄[38;2;174;96;93;48;2;79;99;103m▄[48;2;79;99;103m                       [38;2;91;98;101;48;2;111;98;99m▄[38;2;144;97;96;48;2;253;95;85m▄[48;2;79;99;103m           [48;2;200;206;207m [48;2;255;255;255m  [48;2;195;202;215m [48;2;191;198;213m [49m [m
[49m [48;2;191;199;213m  [48;2;255;255;255m  [48;2;211;216;217m [48;2;79;99;103m  [38;2;79;99;103;48;2;171;181;183m▄[38;2;79;99;103;48;2;244;245;245m▄▄▄▄▄[38;2;253;95;85;48;2;254;245;244m▄[38;2;166;97;94;48;2;249;245;244m▄[38;2;79;99;103;48;2;244;245;245m▄▄[38;2;209;96;89;48;2;250;132;125m▄[48;2;220;95;88m [48;2;79;99;103m [38;2;253;95;85;48;2;89;98;101m▄[38;2;176;96;92;48;2;85;98;102m▄[48;2;79;99;103m [38;2;253;95;85;48;2;89;98;101m▄[38;2;133;97;97;48;2;82;98;102m▄[48;2;79;99;103m                 [48;2;122;98;98m [48;2;253;95;85m [38;2;79;99;103;48;2;242;95;86m▄[38;2;79;99;103;48;2;160;97;94m▄[48;2;79;99;103m        [38;2;79;99;103;48;2;242;95;86m▄[38;2;198;96;90;48;2;249;95;85m▄[48;2;231;95;87m [48;2;79;99;103m                         [38;2;253;95;85;48;2;89;98;101m▄▄▄[48;2;79;99;103m        [48;2;200;206;207m [48;2;255;255;255m  [48;2;195;202;215m [48;2;191;198;213m [49m [m
[49m [48;2;191;199;213m  [48;2;255;255;255m  [48;2;211;216;217m [48;2;79;99;103m  [38;2;147;159;161;48;2;165;175;177m▄[38;2;200;206;207;48;2;233;235;236m▄[38;2;255;255;255;48;2;233;235;236m▄▄[38;2;244;245;246;48;2;233;235;236m▄[38;2;200;206;207;48;2;233;235;236m▄[38;2;254;205;201;48;2;254;235;233m▄[38;2;254;230;228;48;2;243;235;234m▄[38;2;255;255;255;48;2;233;235;236m▄[38;2;134;147;150;48;2;79;99;103m▄[38;2;182;109;105;48;2;209;96;89m▄[38;2;176;96;92;48;2;220;95;88m▄[48;2;79;99;103m [48;2;253;95;85m [48;2;176;96;92m [48;2;79;99;103m [38;2;133;97;97;48;2;100;98;100m▄[38;2;133;97;97;48;2;85;98;102m▄[38;2;126;97;98;48;2;79;99;103m▄[48;2;79;99;103m         [38;2;95;98;101;48;2;79;99;103m▄[38;2;133;97;97;48;2;79;99;103m▄[48;2;79;99;103m     [38;2;79;99;103;48;2;84;98;102m▄[38;2;79;99;103;48;2;100;98;100m▄[48;2;79;99;103m           [38;2;79;99;103;48;2;93;98;101m▄[38;2;79;99;103;48;2;98;98;101m▄[48;2;79;99;103m               [38;2;176;96;92;48;2;202;96;90m▄[38;2;168;96;93;48;2;193;96;91m▄[48;2;79;99;103m      [38;2;89;108;111;48;2;79;99;103m▄[38;2;134;147;150;48;2;79;99;103m▄[38;2;134;147;150;48;2;100;98;100m▄[38;2;162;125;124;48;2;167;96;93m▄[38;2;198;96;90;48;2;253;95;85m▄[48;2;79;99;103m [38;2;116;132;135;48;2;79;99;103m▄[38;2;134;147;150;48;2;79;99;103m▄▄▄[38;2;113;129;132;48;2;79;99;103m▄[48;2;79;99;103m  [48;2;200;206;207m [48;2;255;255;255m  [48;2;195;202;215m [48;2;191;198;213m [49m [m
[49m [48;2;191;199;213m  [48;2;255;255;255m  [48;2;211;216;217m [48;2;79;99;103m    [48;2;255;255;255m  [48;2;222;225;226m [48;2;79;99;103m [48;2;253;95;85m [38;2;166;97;94;48;2;254;175;170m▄[38;2;79;99;103;48;2;255;255;255m▄[48;2;255;255;255m [38;2;253;135;127;48;2;123;138;141m▄[38;2;220;95;88;48;2;79;99;103m▄[48;2;79;99;103m [38;2;79;99;103;48;2;253;95;85m▄[38;2;79;99;103;48;2;176;96;92m▄[48;2;79;99;103m [48;2;253;95;85m  [48;2;231;95;87m [48;2;79;99;103m         [38;2;79;99;103;48;2;133;97;97m▄[38;2;79;99;103;48;2;253;95;85m▄[48;2;79;99;103m                        [38;2;253;95;85;48;2;79;99;103m▄[38;2;144;97;96;48;2;79;99;103m▄[48;2;79;99;103m          [38;2;122;98;98;48;2;79;99;103m▄[38;2;253;95;85;48;2;79;99;103m▄[48;2;79;99;103m   [38;2;253;95;85;48;2;79;99;103m▄[38;2;122;98;98;48;2;79;99;103m▄[48;2;112;128;131m [48;2;255;255;255m  [38;2;254;185;180;48;2;178;186;188m▄[38;2;253;95;85;48;2;79;99;103m▄[48;2;79;99;103m [48;2;200;206;207m [48;2;255;255;255m  [38;2;79;99;103;48;2;255;255;255m▄[38;2;79;99;103;48;2;189;196;198m▄[48;2;79;99;103m  [48;2;200;206;207m [48;2;255;255;255m  [48;2;195;202;215m [48;2;191;198;213m [49m [m
[49m [48;2;191;199;213m  [48;2;255;255;255m  [48;2;211;216;217m [48;2;79;99;103m    [48;2;255;255;255m  [38;2;224;227;228;48;2;222;225;226m▄[38;2;90;108;112;48;2;79;99;103m▄[38;2;90;108;112;48;2;144;97;96m▄[38;2;172;181;183;48;2;166;147;147m▄[38;2;255;255;255;48;2;189;196;198m▄[38;2;254;245;244;48;2;255;255;255m▄[38;2;122;135;138;48;2;171;136;135m▄[38;2;111;98;99;48;2;152;97;95m▄[38;2;253;95;85;48;2;187;96;91m▄[48;2;79;99;103m   [48;2;253;95;85m  [48;2;231;95;87m [48;2;79;99;103m  [38;2;83;98;102;48;2;79;99;103m▄[38;2;89;98;101;48;2;79;99;103m▄[48;2;79;99;103m  [38;2;79;98;102;48;2;79;99;103m▄[38;2;89;98;101;48;2;79;99;103m▄[38;2;232;95;87;48;2;174;96;93m▄[38;2;198;96;90;48;2;153;97;95m▄[48;2;79;99;103m                [38;2;83;98;102;48;2;79;99;103m▄[38;2;89;98;101;48;2;79;99;103m▄[38;2;242;95;86;48;2;187;96;91m▄[38;2;129;97;97;48;2;112;98;99m▄[48;2;79;99;103m     [38;2;89;98;101;48;2;144;97;96m▄[38;2;83;98;102;48;2;103;98;100m▄[48;2;79;99;103m      [38;2;170;96;93;48;2;140;97;96m▄[38;2;242;95;86;48;2;187;96;91m▄[48;2;79;99;103m  [38;2;119;98;98;48;2;122;98;98m▄[38;2;242;95;86;48;2;253;95;85m▄[38;2;253;95;85;48;2;187;96;91m▄[38;2;171;96;93;48;2;133;97;97m▄[38;2;89;98;101;48;2;79;99;103m▄[38;2;242;95;86;48;2;253;95;85m▄[38;2;250;95;85;48;2;204;96;90m▄[38;2;253;95;85;48;2;200;107;102m▄[38;2;253;95;85;48;2;253;155;148m▄[48;2;255;255;255m [38;2;255;255;255;48;2;254;228;227m▄[38;2;255;255;255;48;2;254;195;191m▄[38;2;90;108;112;48;2;79;99;103m▄[38;2;203;209;210;48;2;200;206;207m▄[48;2;255;255;255m  [48;2;79;99;103m    [48;2;200;206;207m [48;2;255;255;255m  [48;2;195;202;215m [48;2;191;198;213m [49m [m
[49m [48;2;191;199;213m  [48;2;255;255;255m  [48;2;211;216;217m [48;2;79;99;103m    [48;2;255;255;255m  [38;2;226;229;230;48;2;255;255;255m▄[38;2;101;118;122;48;2;255;255;255m▄[48;2;255;255;255m   [48;2;253;95;85m [48;2;122;98;98m [48;2;111;98;99m [48;2;253;95;85m [48;2;79;99;103m [38;2;145;97;96;48;2;79;99;103m▄[38;2;231;95;87;48;2;79;99;103m▄[38;2;100;98;100;48;2;253;95;85m▄[38;2;205;96;89;48;2;253;95;85m▄[48;2;231;95;87m [48;2;79;99;103m [38;2;221;95;88;48;2;79;99;103m▄[38;2;239;95;86;48;2;144;97;96m▄[48;2;253;95;85m [48;2;79;99;103m  [38;2;80;98;102;48;2;89;98;101m▄[38;2;100;98;100;48;2;253;95;85m▄▄[38;2;93;98;101;48;2;198;96;90m▄[48;2;79;99;103m      [38;2;117;98;99;48;2;79;99;103m▄[38;2;231;95;87;48;2;79;99;103m▄[48;2;79;99;103m        [38;2;88;98;102;48;2;155;97;95m▄[38;2;100;98;100;48;2;253;95;85m▄[48;2;79;99;103m  [38;2;98;98;101;48;2;79;99;103m▄[38;2;231;95;87;48;2;79;99;103m▄▄[38;2;174;96;93;48;2;79;99;103m▄[48;2;79;99;103m [48;2;253;95;85m [48;2;144;97;96m [48;2;79;99;103m  [38;2;212;95;89;48;2;79;99;103m▄[38;2;183;96;92;48;2;79;99;103m▄[48;2;79;99;103m    [38;2;231;95;87;48;2;79;99;103m▄[38;2;107;98;100;48;2;79;99;103m▄[48;2;79;99;103m  [48;2;253;95;85m   [48;2;79;99;103m [48;2;209;96;89m [38;2;253;121;112;48;2;253;95;85m▄[38;2;254;235;233;48;2;253;95;85m▄[48;2;255;255;255m [38;2;187;195;196;48;2;255;255;255m▄[38;2;101;118;122;48;2;255;255;255m▄▄[38;2;206;212;213;48;2;255;255;255m▄[48;2;255;255;255m  [48;2;79;99;103m    [48;2;200;206;207m [48;2;255;255;255m  [48;2;195;202;215m [48;2;191;198;213m [49m [m
[49m [48;2;191;199;213m  [48;2;255;255;255m  [48;2;211;216;217m [48;2;79;99;103m    [48;2;255;255;255m  [48;2;222;225;226m [48;2;79;99;103m [38;2;79;99;103;48;2;200;206;207m▄[38;2;167;177;179;48;2;227;230;231m▄[48;2;255;255;255m [38;2;255;255;255;48;2;253;145;138m▄[38;2;123;138;141;48;2;122;110;111m▄[38;2;79;99;103;48;2;101;98;100m▄[38;2;79;99;103;48;2;198;96;90m▄[48;2;79;99;103m [48;2;155;97;95m [48;2;253;95;85m [48;2;79;99;103m [48;2;198;96;90m [48;2;231;95;87m [48;2;79;99;103m [48;2;242;95;86m [38;2;187;96;91;48;2;232;95;87m▄[38;2;79;99;103;48;2;198;96;90m▄[48;2;79;99;103m  [38;2;89;98;101;48;2;82;98;102m▄[38;2;253;95;85;48;2;133;97;97m▄▄[38;2;198;96;90;48;2;116;98;99m▄[48;2;79;99;103m  [38;2;176;96;92;48;2;109;98;99m▄[38;2;253;95;85;48;2;133;97;97m▄[48;2;79;99;103m  [48;2;122;98;98m [48;2;253;95;85m [48;2;79;99;103m       [38;2;253;95;85;48;2;133;97;97m▄▄▄[48;2;79;99;103m  [48;2;100;98;100m [48;2;253;95;85m  [38;2;253;95;85;48;2;208;96;89m▄[38;2;253;95;85;48;2;133;97;97m▄[48;2;253;95;85m [48;2;144;97;96m [48;2;79;99;103m  [48;2;231;95;87m [48;2;198;96;90m [48;2;79;99;103m    [48;2;253;95;85m [38;2;253;95;85;48;2;155;97;95m▄[38;2;209;96;89;48;2;119;98;98m▄[48;2;79;99;103m [48;2;253;95;85m   [48;2;79;99;103m [38;2;79;99;103;48;2;168;96;93m▄[38;2;112;128;131;48;2;209;126;121m▄[48;2;255;255;255m [38;2;79;99;103;48;2;200;206;207m▄[38;2;155;97;95;48;2;170;158;159m▄[38;2;253;95;85;48;2;133;97;97m▄[48;2;79;99;103m [48;2;200;206;207m [48;2;255;255;255m  [48;2;79;99;103m    [48;2;200;206;207m [48;2;255;255;255m  [48;2;195;202;215m [48;2;191;198;213m [49m [m
[49m [48;2;191;199;213m  [48;2;255;255;255m  [48;2;211;216;217m [48;2;79;99;103m  [38;2;116;131;135;48;2;178;186;188m▄[38;2;145;157;160;48;2;255;255;255m▄▄▄[38;2;132;146;149;48;2;222;225;226m▄[48;2;79;99;103m  [38;2;166;127;125;48;2;167;177;179m▄[38;2;253;155;148;48;2;255;255;255m▄[38;2;145;157;160;48;2;255;255;255m▄[38;2;226;110;103;48;2;253;135;127m▄[38;2;240;95;86;48;2;220;95;88m▄[38;2;187;96;91;48;2;79;99;103m▄[48;2;79;99;103m [48;2;155;97;95m [48;2;253;95;85m  [38;2;178;96;92;48;2;253;95;85m▄[38;2;136;97;97;48;2;231;95;87m▄[48;2;79;99;103m [48;2;242;95;86m [48;2;187;96;91m [48;2;79;99;103m [48;2;253;95;85m [48;2;144;97;96m [38;2;83;98;102;48;2;89;98;101m▄[38;2;144;97;96;48;2;253;95;85m▄[38;2;239;95;86;48;2;253;95;85m▄[38;2;232;95;87;48;2;198;96;90m▄[38;2;187;96;91;48;2;79;99;103m▄[48;2;79;99;103m [38;2;140;97;96;48;2;79;99;103m▄[38;2;187;96;91;48;2;79;99;103m▄[48;2;79;99;103m  [48;2;122;98;98m [48;2;253;95;85m  [38;2;220;95;88;48;2;166;97;94m▄[38;2;187;96;91;48;2;79;99;103m▄▄[38;2;106;98;100;48;2;79;99;103m▄[38;2;91;98;101;48;2;111;98;99m▄[38;2;144;97;96;48;2;253;95;85m▄[38;2;187;96;91;48;2;79;99;103m▄[38;2;168;96;93;48;2;155;97;95m▄[38;2;144;97;96;48;2;253;95;85m▄[48;2;253;95;85m [38;2;208;96;89;48;2;133;97;97m▄[38;2;174;96;93;48;2;79;99;103m▄[48;2;79;99;103m [48;2;242;95;86m [48;2;253;95;85m   [48;2;144;97;96m [38;2;85;98;102;48;2;79;99;103m▄[38;2;187;96;91;48;2;79;99;103m▄[38;2;244;95;85;48;2;231;95;87m▄[48;2;198;96;90m [48;2;79;99;103m  [48;2;176;96;92m [48;2;253;95;85m [48;2;79;99;103m [48;2;220;95;88m [38;2;236;95;86;48;2;209;96;89m▄[38;2;187;96;91;48;2;79;99;103m▄[48;2;79;99;103m [38;2;111;98;99;48;2;166;97;94m▄[38;2;144;97;96;48;2;253;95;85m▄[48;2;79;99;103m [38;2;127;97;97;48;2;209;96;89m▄[38;2;144;108;108;48;2;253;125;116m▄[38;2;145;157;160;48;2;255;255;255m▄[48;2;255;255;255m [38;2;254;228;227;48;2;254;185;180m▄[38;2;254;195;191;48;2;253;95;85m▄[38;2;189;196;198;48;2;79;99;103m▄[38;2;234;236;237;48;2;200;206;207m▄[48;2;255;255;255m  [38;2;189;196;198;48;2;79;99;103m▄[38;2;147;159;162;48;2;79;99;103m▄[48;2;79;99;103m  [48;2;200;206;207m [48;2;255;255;255m  [48;2;195;202;215m [48;2;191;198;213m [49m [m
[49m [48;2;191;199;213m  [48;2;255;255;255m  [48;2;211;216;217m [48;2;79;99;103m         [48;2;166;97;94m [48;2;253;95;85m [48;2;79;99;103m [48;2;209;96;89m [48;2;253;95;85m  [48;2;79;99;103m [48;2;155;97;95m [48;2;253;95;85m  [38;2;253;95;85;48;2;140;97;96m▄[38;2;253;95;85;48;2;89;98;101m▄▄[38;2;253;95;85;48;2;242;95;86m▄[48;2;187;96;91m [48;2;79;99;103m [48;2;253;95;85m [38;2;253;95;85;48;2;151;97;95m▄[38;2;242;95;86;48;2;89;98;101m▄[48;2;79;99;103m [48;2;231;95;87m [48;2;253;95;85m  [48;2;79;99;103m [48;2;176;96;92m [48;2;253;95;85m [38;2;253;95;85;48;2;89;98;101m▄[38;2;111;98;99;48;2;81;98;102m▄[48;2;122;98;98m [48;2;253;95;85m     [38;2;253;95;85;48;2;130;97;97m▄[38;2;220;95;88;48;2;87;98;102m▄[48;2;79;99;103m [38;2;79;99;103;48;2;242;95;86m▄[38;2;79;99;103;48;2;170;96;93m▄[48;2;79;99;103m [48;2;253;95;85m  [48;2;231;95;87m [48;2;79;99;103m [38;2;79;99;103;48;2;231;95;87m▄[38;2;144;97;96;48;2;246;95;85m▄[48;2;253;95;85m [38;2;79;99;103;48;2;242;95;86m▄[38;2;187;96;91;48;2;146;97;95m▄[38;2;253;95;85;48;2;100;98;100m▄[48;2;253;95;85m  [48;2;198;96;90m [48;2;79;99;103m  [48;2;176;96;92m [48;2;253;95;85m [48;2;79;99;103m [48;2;220;95;88m [48;2;253;95;85m  [48;2;79;99;103m [38;2;166;97;94;48;2;84;98;102m▄[38;2;253;95;85;48;2;89;98;101m▄[48;2;79;99;103m  [38;2;111;98;99;48;2;81;98;102m▄[38;2;253;95;85;48;2;89;98;101m▄[38;2;79;99;103;48;2;244;245;245m▄[38;2;155;97;95;48;2;248;245;245m▄[38;2;253;95;85;48;2;254;245;244m▄[38;2;79;99;103;48;2;244;245;245m▄▄▄▄▄[38;2;79;99;103;48;2;182;190;192m▄[48;2;79;99;103m  [48;2;200;206;207m [48;2;255;255;255m  [48;2;195;202;215m [48;2;191;198;213m [49m [m
[49m [48;2;191;199;213m  [48;2;255;255;255m  [48;2;211;216;217m [48;2;79;99;103m         [38;2;79;99;103;48;2;89;98;101m▄[38;2;79;99;103;48;2;100;98;100m▄[48;2;79;99;103m [38;2;168;96;93;48;2;209;96;89m▄[38;2;208;96;89;48;2;253;95;85m▄[48;2;253;95;85m [48;2;79;99;103m [38;2;131;97;97;48;2;155;97;95m▄[38;2;198;96;90;48;2;253;95;85m▄▄[38;2;236;95;86;48;2;253;95;85m▄[48;2;253;95;85m   [48;2;187;96;91m [48;2;79;99;103m [48;2;253;95;85m [38;2;219;95;88;48;2;253;95;85m▄[38;2;191;96;91;48;2;242;95;86m▄[48;2;79;99;103m [48;2;231;95;87m [48;2;253;95;85m  [48;2;79;99;103m [48;2;176;96;92m [48;2;253;95;85m  [38;2;155;97;95;48;2;111;98;99m▄[38;2;133;97;97;48;2;84;98;102m▄[38;2;133;97;97;48;2;100;98;100m▄[48;2;253;95;85m     [38;2;253;95;85;48;2;248;95;85m▄[38;2;253;95;85;48;2;231;95;87m▄[38;2;133;97;97;48;2;79;99;103m▄[38;2;109;98;99;48;2;79;99;103m▄[48;2;79;99;103m [48;2;253;95;85m  [38;2;253;95;85;48;2;250;95;85m▄[38;2;253;95;85;48;2;231;95;87m▄[38;2;89;98;101;48;2;88;98;102m▄[38;2;99;98;100;48;2;87;98;102m▄[38;2;133;97;97;48;2;100;98;100m▄[38;2;253;95;85;48;2;231;95;87m▄[38;2;253;95;85;48;2;244;95;85m▄[48;2;253;95;85m  [38;2;100;98;100;48;2;119;98;98m▄[38;2;95;98;101;48;2;93;98;101m▄[38;2;133;97;97;48;2;79;99;103m▄▄[38;2;200;96;90;48;2;176;96;92m▄[48;2;253;95;85m [48;2;79;99;103m [38;2;176;96;92;48;2;220;95;88m▄[38;2;212;95;89;48;2;253;95;85m▄[48;2;253;95;85m [48;2;79;99;103m [48;2;166;97;94m [48;2;253;95;85m [48;2;79;99;103m [38;2;209;96;89;48;2;193;96;91m▄[38;2;253;125;116;48;2;235;121;114m▄[38;2;255;255;255;48;2;254;235;233m▄[38;2;255;255;255;48;2;233;235;236m▄[38;2;230;233;234;48;2;242;235;235m▄[38;2;200;206;207;48;2;254;235;233m▄[38;2;200;206;207;48;2;233;235;236m▄[38;2;237;239;240;48;2;233;235;236m▄[38;2;255;255;255;48;2;233;235;236m▄▄[38;2;200;206;207;48;2;233;235;236m▄[38;2;154;166;168;48;2;175;184;186m▄[48;2;79;99;103m  [48;2;200;206;207m [48;2;255;255;255m  [48;2;195;202;215m [48;2;191;198;213m [49m [m
[49m [48;2;191;199;213m  [48;2;255;255;255m  [48;2;211;216;217m [48;2;79;99;103m           [38;2;253;95;85;48;2;79;99;103m▄[38;2;122;98;98;48;2;79;99;103m▄[48;2;111;98;99m [48;2;253;95;85m [38;2;253;95;85;48;2;79;99;103m▄[38;2;176;96;92;48;2;79;99;103m▄[48;2;79;99;103m  [48;2;198;96;90m [48;2;253;95;85m   [38;2;253;95;85;48;2;187;96;91m▄[38;2;253;95;85;48;2;79;99;103m▄[48;2;253;95;85m [38;2;253;95;85;48;2;144;97;96m▄[38;2;253;95;85;48;2;79;99;103m▄▄[38;2;253;95;85;48;2;231;95;87m▄[48;2;253;95;85m  [48;2;79;99;103m [38;2;79;99;103;48;2;176;96;92m▄[38;2;79;99;103;48;2;253;95;85m▄▄[38;2;220;95;88;48;2;253;95;85m▄[48;2;253;95;85m     [38;2;79;99;103;48;2;253;95;85m▄[38;2;209;96;89;48;2;253;95;85m▄[48;2;253;95;85m   [48;2;176;96;92m [48;2;79;99;103m [48;2;253;95;85m    [48;2;89;98;101m [48;2;144;97;96m [48;2;253;95;85m   [38;2;242;95;86;48;2;253;95;85m▄[38;2;79;99;103;48;2;253;95;85m▄[38;2;231;95;87;48;2;100;98;100m▄[38;2;253;95;85;48;2;133;97;97m▄[48;2;253;95;85m  [38;2;155;97;95;48;2;253;95;85m▄[38;2;79;99;103;48;2;253;95;85m▄[48;2;79;99;103m [38;2;220;95;88;48;2;79;99;103m▄[38;2;253;95;85;48;2;122;98;98m▄[48;2;253;95;85m [48;2;79;99;103m [48;2;166;97;94m [48;2;253;95;85m [48;2;79;99;103m [48;2;209;96;89m [38;2;253;95;85;48;2;253;125;116m▄[38;2;253;95;85;48;2;255;255;255m▄[38;2;79;99;103;48;2;255;255;255m▄[38;2;79;99;103;48;2;178;186;188m▄[48;2;79;99;103m  [48;2;200;206;207m [48;2;255;255;255m  [48;2;79;99;103m    [48;2;200;206;207m [48;2;255;255;255m  [48;2;195;202;215m [48;2;191;198;213m [49m [m
[49m [48;2;191;199;213m  [48;2;255;255;255m  [48;2;211;216;217m [48;2;79;99;103m           [38;2;79;99;103;48;2;144;97;96m▄[38;2;87;98;102;48;2;95;98;101m▄[38;2;87;98;102;48;2;91;98;101m▄[38;2;79;99;103;48;2;144;97;96m▄[48;2;253;95;85m [38;2;253;95;85;48;2;224;95;87m▄[38;2;253;95;85;48;2;187;96;91m▄[48;2;79;99;103m [48;2;198;96;90m [48;2;253;95;85m       [38;2;242;95;86;48;2;246;95;85m▄[38;2;79;99;103;48;2;144;97;96m▄[38;2;231;95;87;48;2;239;95;86m▄[48;2;253;95;85m  [38;2;253;95;85;48;2;187;96;91m▄▄▄[38;2;89;98;101;48;2;79;99;103m▄[38;2;89;98;101;48;2;132;97;97m▄[38;2;87;98;102;48;2;144;97;96m▄[38;2;79;99;103;48;2;144;97;96m▄[48;2;253;95;85m   [38;2;89;98;101;48;2;79;99;103m▄[38;2;81;98;102;48;2;127;97;97m▄[38;2;111;98;99;48;2;164;97;94m▄[48;2;253;95;85m  [48;2;176;96;92m [48;2;79;99;103m [48;2;253;95;85m    [48;2;89;98;101m [48;2;144;97;96m [48;2;253;95;85m  [38;2;144;97;96;48;2;185;96;92m▄[38;2;79;98;102;48;2;140;97;96m▄[38;2;89;98;101;48;2;79;99;103m▄[38;2;232;95;87;48;2;231;95;87m▄[48;2;253;95;85m  [38;2;242;95;86;48;2;253;95;85m▄[38;2;150;97;95;48;2;155;97;95m▄[48;2;79;99;103m [38;2;253;95;85;48;2;187;96;91m▄[38;2;253;95;85;48;2;240;95;86m▄[48;2;253;95;85m  [38;2;253;95;85;48;2;187;96;91m▄[38;2;253;95;85;48;2;220;95;88m▄[48;2;253;95;85m [48;2;79;99;103m [48;2;209;96;89m [38;2;220;95;88;48;2;232;95;87m▄[38;2;79;99;103;48;2;144;97;96m▄[38;2;90;108;112;48;2;79;99;103m▄▄▄▄[38;2;203;209;210;48;2;200;206;207m▄[48;2;255;255;255m  [48;2;79;99;103m    [48;2;200;206;207m [48;2;255;255;255m  [48;2;195;202;215m [48;2;191;198;213m [49m [m
[49m [48;2;191;199;213m  [48;2;255;255;255m  [48;2;211;216;217m [48;2;79;99;103m            [48;2;209;96;89m [48;2;220;95;88m [48;2;79;99;103m [48;2;253;95;85m   [48;2;79;99;103m [48;2;198;96;90m [48;2;253;95;85m       [48;2;242;95;86m [48;2;79;99;103m [48;2;231;95;87m [48;2;253;95;85m     [38;2;100;98;100;48;2;253;95;85m▄▄[38;2;133;97;97;48;2;209;96;89m▄[38;2;231;95;87;48;2;79;99;103m▄[48;2;253;95;85m    [38;2;236;95;86;48;2;122;98;98m▄[38;2;235;95;86;48;2;111;98;99m▄[48;2;253;95;85m  [48;2;176;96;92m [48;2;79;99;103m [48;2;253;95;85m  [38;2;233;95;86;48;2;253;95;85m▄[38;2;100;98;100;48;2;253;95;85m▄[38;2;223;95;88;48;2;89;98;101m▄[38;2;239;95;86;48;2;144;97;96m▄[48;2;253;95;85m  [38;2;239;95;86;48;2;144;97;96m▄[38;2;232;95;87;48;2;89;98;101m▄[48;2;253;95;85m    [38;2;231;95;87;48;2;79;99;103m▄▄▄[48;2;253;95;85m     [38;2;176;96;92;48;2;253;95;85m▄[38;2;100;98;100;48;2;253;95;85m▄[48;2;79;99;103m [38;2;95;98;101;48;2;209;96;89m▄[38;2;96;98;101;48;2;220;95;88m▄[48;2;79;99;103m [38;2;101;118;122;48;2;255;255;255m▄▄▄▄[38;2;206;212;213;48;2;255;255;255m▄[48;2;255;255;255m  [48;2;79;99;103m    [48;2;200;206;207m [48;2;255;255;255m  [48;2;195;202;215m [48;2;191;198;213m [49m [m
[49m [48;2;191;199;213m  [48;2;255;255;255m  [48;2;211;216;217m [48;2;79;99;103m            [48;2;209;96;89m [48;2;220;95;88m [48;2;79;99;103m [48;2;253;95;85m   [48;2;79;99;103m [48;2;198;96;90m [48;2;253;95;85m   [38;2;187;96;91;48;2;232;95;87m▄[38;2;79;99;103;48;2;198;96;90m▄[48;2;253;95;85m  [38;2;253;95;85;48;2;245;95;85m▄[38;2;253;95;85;48;2;133;97;97m▄[38;2;253;95;85;48;2;238;95;86m▄[48;2;253;95;85m     [48;2;79;99;103m [38;2;220;95;88;48;2;123;97;98m▄[38;2;253;95;85;48;2;163;97;94m▄[48;2;253;95;85m         [48;2;176;96;92m [48;2;79;99;103m [48;2;253;95;85m  [38;2;253;95;85;48;2;238;95;86m▄[38;2;253;95;85;48;2;133;97;97m▄[38;2;253;95;85;48;2;245;95;85m▄[48;2;253;95;85m                 [48;2;166;97;94m [48;2;79;99;103m [38;2;253;95;85;48;2;133;97;97m▄[38;2;122;98;98;48;2;92;98;101m▄[38;2;112;128;131;48;2;89;108;111m▄[38;2;255;255;255;48;2;134;147;150m▄▄[38;2;178;186;188;48;2;109;126;129m▄[48;2;79;99;103m  [48;2;200;206;207m [48;2;255;255;255m  [48;2;79;99;103m    [48;2;200;206;207m [48;2;255;255;255m  [48;2;195;202;215m [48;2;191;198;213m [49m [m
[49m [48;2;191;199;213m  [48;2;255;255;255m  [48;2;211;216;217m [48;2;79;99;103m            [48;2;209;96;89m [48;2;253;95;85m  [38;2;144;97;96;48;2;253;95;85m▄[38;2;191;96;91;48;2;253;95;85m▄[48;2;253;95;85m [48;2;79;99;103m [38;2;123;97;98;48;2;198;96;90m▄[38;2;144;97;96;48;2;253;95;85m▄▄[38;2;246;95;85;48;2;253;95;85m▄[48;2;253;95;85m                [38;2;144;97;96;48;2;253;95;85m▄[38;2;198;96;90;48;2;253;95;85m▄[48;2;253;95;85m                          [48;2;111;98;99m [48;2;122;98;98m [48;2;253;95;85m  [48;2;166;97;94m [48;2;79;99;103m [48;2;253;95;85m [48;2;122;98;98m [38;2;91;109;113;48;2;112;128;131m▄[38;2;145;157;160;48;2;255;255;255m▄▄▄▄▄▄▄▄▄[38;2;120;135;138;48;2;189;196;198m▄[48;2;79;99;103m  [48;2;200;206;207m [48;2;255;255;255m  [48;2;195;202;215m [48;2;191;198;213m [49m [m
[49m [48;2;191;199;213m  [48;2;255;255;255m  [48;2;211;216;217m [48;2;79;99;103m            [48;2;209;96;89m [38;2;220;95;88;48;2;250;95;85m▄[38;2;79;99;103;48;2;242;95;86m▄[48;2;79;99;103m [38;2;79;99;103;48;2;150;97;95m▄[38;2;79;99;103;48;2;242;95;86m▄[48;2;79;99;103m [38;2;198;96;90;48;2;86;98;102m▄[38;2;253;95;85;48;2;89;98;101m▄▄[38;2;253;95;85;48;2;242;95;86m▄[48;2;253;95;85m                [48;2;79;99;103m [48;2;166;97;94m [48;2;253;95;85m                          [48;2;111;98;99m [48;2;122;98;98m [48;2;253;95;85m [38;2;79;99;103;48;2;242;95;86m▄[48;2;166;97;94m [38;2;253;95;85;48;2;89;98;101m▄[38;2;79;99;103;48;2;242;95;86m▄[38;2;211;216;217;48;2;128;105;105m▄[38;2;255;255;255;48;2;90;108;112m▄▄▄[38;2;178;186;188;48;2;85;104;108m▄[48;2;79;99;103m [38;2;255;255;255;48;2;90;108;112m▄▄▄▄▄[38;2;189;196;198;48;2;85;105;108m▄[48;2;79;99;103m  [48;2;200;206;207m [48;2;255;255;255m  [48;2;195;202;215m [48;2;191;198;213m [49m [m
[49m [48;2;191;199;213m  [48;2;255;255;255m  [48;2;211;216;217m [48;2;79;99;103m            [38;2;79;99;103;48;2;95;98;101m▄[38;2;79;99;103;48;2;96;98;101m▄[48;2;79;99;103m    [38;2;133;97;97;48;2;79;99;103m▄[38;2;95;98;101;48;2;93;98;101m▄[38;2;85;98;102;48;2;100;98;100m▄[38;2;133;97;97;48;2;100;98;100m▄[38;2;82;98;102;48;2;100;98;100m▄[38;2;123;97;98;48;2;157;97;94m▄[38;2;198;96;90;48;2;253;95;85m▄▄[38;2;123;97;98;48;2;157;97;94m▄[38;2;86;98;102;48;2;110;98;99m▄[38;2;198;96;90;48;2;253;95;85m▄▄▄▄[48;2;253;95;85m       [48;2;79;99;103m [48;2;166;97;94m [48;2;253;95;85m   [38;2;220;95;88;48;2;224;95;87m▄[38;2;79;99;103;48;2;100;98;100m▄[38;2;198;96;90;48;2;253;95;85m▄[38;2;222;95;88;48;2;253;95;85m▄[48;2;253;95;85m      [38;2;187;96;91;48;2;195;96;90m▄[38;2;79;99;103;48;2;100;98;100m▄[48;2;253;95;85m [38;2;178;96;92;48;2;157;97;94m▄[38;2;137;97;96;48;2;110;98;99m▄[38;2;198;96;90;48;2;253;95;85m▄[38;2;246;95;85;48;2;253;95;85m▄[38;2;215;95;88;48;2;205;96;89m▄[38;2;133;97;97;48;2;100;98;100m▄[48;2;253;95;85m [38;2;222;95;88;48;2;253;95;85m▄[38;2;198;96;90;48;2;253;95;85m▄[38;2;79;99;103;48;2;100;98;100m▄[38;2;220;95;88;48;2;206;96;89m▄[38;2;239;95;86;48;2;236;95;86m▄[38;2;198;96;90;48;2;253;95;85m▄[38;2;133;97;97;48;2;79;99;103m▄[38;2;106;98;100;48;2;89;98;101m▄[38;2;79;99;103;48;2;100;98;100m▄[48;2;79;99;103m [38;2;79;99;103;48;2;95;113;117m▄[38;2;112;128;131;48;2;129;144;146m▄[48;2;255;255;255m  [48;2;178;186;188m [48;2;79;99;103m [38;2;79;99;103;48;2;101;118;122m▄[38;2;200;206;207;48;2;206;212;213m▄[48;2;255;255;255m  [38;2;79;99;103;48;2;101;118;122m▄[38;2;79;99;103;48;2;92;111;114m▄[48;2;79;99;103m  [48;2;200;206;207m [48;2;255;255;255m  [48;2;195;202;215m [48;2;191;198;213m [49m [m
[49m [48;2;191;199;213m  [48;2;255;255;255m  [48;2;211;216;217m [48;2;79;99;103m               [38;2;253;95;85;48;2;79;99;103m▄[38;2;176;96;92;48;2;79;99;103m▄[48;2;79;99;103m [38;2;79;99;103;48;2;253;95;85m▄[38;2;79;99;103;48;2;133;97;97m▄[38;2;79;99;103;48;2;100;98;100m▄[38;2;79;99;103;48;2;253;95;85m▄[38;2;242;95;86;48;2;89;98;101m▄[38;2;253;95;85;48;2;79;99;103m▄▄[48;2;79;99;103m [38;2;187;96;91;48;2;79;99;103m▄[38;2;253;95;85;48;2;79;99;103m▄▄[38;2;100;98;100;48;2;79;99;103m▄[48;2;79;99;103m  [48;2;253;95;85m [38;2;155;97;95;48;2;253;95;85m▄[38;2;79;99;103;48;2;253;95;85m▄[48;2;253;95;85m    [38;2;253;95;85;48;2;79;99;103m▄[38;2;253;95;85;48;2;166;97;94m▄[48;2;253;95;85m   [38;2;253;95;85;48;2;220;95;88m▄[38;2;253;95;85;48;2;79;99;103m▄[48;2;79;99;103m [48;2;155;97;95m [48;2;253;95;85m      [48;2;187;96;91m [48;2;79;99;103m [38;2;79;99;103;48;2;253;95;85m▄[38;2;187;96;91;48;2;253;95;85m▄[38;2;253;95;85;48;2;242;95;86m▄[38;2;253;95;85;48;2;79;99;103m▄[38;2;100;98;100;48;2;231;95;87m▄[38;2;133;97;97;48;2;253;95;85m▄[48;2;253;95;85m  [38;2;253;95;85;48;2;155;97;95m▄[38;2;253;95;85;48;2;79;99;103m▄[48;2;79;99;103m [38;2;79;99;103;48;2;220;95;88m▄[38;2;122;98;98;48;2;209;96;89m▄[38;2;253;95;85;48;2;79;99;103m▄[48;2;253;95;85m [48;2;166;97;94m [48;2;79;99;103m   [38;2;79;99;103;48;2;112;128;131m▄[38;2;79;99;103;48;2;255;255;255m▄[48;2;255;255;255m [38;2;255;255;255;48;2;178;186;188m▄[38;2;255;255;255;48;2;79;99;103m▄▄[38;2;255;255;255;48;2;200;206;207m▄[48;2;255;255;255m  [48;2;79;99;103m    [48;2;200;206;207m [48;2;255;255;255m  [48;2;195;202;215m [48;2;191;198;213m [49m [m
[49m [48;2;191;199;213m  [48;2;255;255;255m  [48;2;211;216;217m [48;2;79;99;103m               [48;2;253;95;85m [48;2;176;96;92m [48;2;79;99;103m     [38;2;231;95;87;48;2;242;95;86m▄[38;2;246;95;85;48;2;253;95;85m▄[48;2;253;95;85m [38;2;253;95;85;48;2;187;96;91m▄[38;2;253;95;85;48;2;228;95;87m▄[38;2;242;95;86;48;2;246;95;85m▄[38;2;79;99;103;48;2;144;97;96m▄[38;2;88;98;102;48;2;87;98;102m▄[38;2;140;97;96;48;2;112;98;99m▄[38;2;253;95;85;48;2;187;96;91m▄[48;2;253;95;85m [48;2;155;97;95m [48;2;79;99;103m [48;2;253;95;85m    [38;2;242;95;86;48;2;253;95;85m▄[38;2;247;95;85;48;2;253;95;85m▄[48;2;253;95;85m   [38;2;250;95;85;48;2;253;95;85m▄[38;2;242;95;86;48;2;253;95;85m▄[38;2;253;95;85;48;2;187;96;91m▄[38;2;176;96;92;48;2;168;96;93m▄[38;2;79;99;103;48;2;144;97;96m▄[48;2;253;95;85m    [38;2;89;98;101;48;2;151;97;95m▄[38;2;83;98;102;48;2;119;98;98m▄[38;2;89;98;101;48;2;79;99;103m▄▄[38;2;89;98;101;48;2;119;98;98m▄[38;2;99;98;100;48;2;151;97;95m▄[38;2;242;95;86;48;2;253;95;85m▄[38;2;251;95;85;48;2;195;96;90m▄[38;2;202;96;90;48;2;174;96;93m▄[38;2;89;98;101;48;2;144;97;96m▄▄[38;2;175;96;93;48;2;205;96;89m▄[38;2;242;95;86;48;2;253;95;85m▄[38;2;242;95;86;48;2;187;96;91m▄[38;2;250;95;85;48;2;187;96;91m▄[38;2;250;95;85;48;2;204;96;90m▄[38;2;242;95;86;48;2;253;95;85m▄[38;2;79;99;103;48;2;144;97;96m▄[38;2;79;99;103;48;2;111;98;99m▄[48;2;79;99;103m     [38;2;90;108;112;48;2;145;157;160m▄[38;2;162;172;174;48;2;193;200;201m▄[48;2;255;255;255m [38;2;244;245;245;48;2;255;255;255m▄[38;2;251;251;252;48;2;255;255;255m▄[48;2;255;255;255m  [48;2;79;99;103m    [48;2;200;206;207m [48;2;255;255;255m  [48;2;195;202;215m [48;2;191;198;213m [49m [m
[49m [48;2;191;199;213m  [48;2;255;255;255m  [48;2;211;216;217m [48;2;79;99;103m               [38;2;100;98;100;48;2;253;95;85m▄[38;2;91;98;101;48;2;176;96;92m▄[48;2;79;99;103m      [38;2;87;98;102;48;2;144;97;96m▄[38;2;100;98;100;48;2;253;95;85m▄[48;2;253;95;85m  [48;2;242;95;86m [48;2;79;99;103m [48;2;231;95;87m [48;2;253;95;85m  [38;2;100;98;100;48;2;253;95;85m▄[38;2;88;98;102;48;2;155;97;95m▄[48;2;79;99;103m [48;2;253;95;85m    [48;2;79;99;103m [48;2;166;97;94m [48;2;253;95;85m   [48;2;220;95;88m [48;2;79;99;103m [38;2;100;98;100;48;2;253;95;85m▄[38;2;157;97;94;48;2;176;96;92m▄[38;2;231;95;87;48;2;79;99;103m▄[48;2;253;95;85m [38;2;148;97;95;48;2;253;95;85m▄[38;2;100;98;100;48;2;253;95;85m▄▄[38;2;223;95;88;48;2;89;98;101m▄[38;2;239;95;86;48;2;144;97;96m▄[48;2;253;95;85m   [38;2;251;95;85;48;2;242;95;86m▄[38;2;231;95;87;48;2;79;99;103m▄[38;2;117;98;99;48;2;231;95;87m▄[38;2;100;98;100;48;2;253;95;85m▄▄[48;2;253;95;85m [38;2;240;95;86;48;2;155;97;95m▄[38;2;231;95;87;48;2;79;99;103m▄[48;2;79;99;103m [38;2;96;98;101;48;2;220;95;88m▄[38;2;95;98;101;48;2;209;96;89m▄[48;2;79;99;103m      [38;2;107;124;127;48;2;79;99;103m▄[38;2;233;235;236;48;2;79;99;103m▄[48;2;255;255;255m [38;2;187;195;196;48;2;255;255;255m▄[38;2;101;118;122;48;2;255;255;255m▄[48;2;79;99;103m [48;2;200;206;207m [48;2;255;255;255m  [48;2;79;99;103m    [48;2;200;206;207m [48;2;255;255;255m  [48;2;195;202;215m [48;2;191;198;213m [49m [m
[49m [48;2;191;199;213m  [48;2;255;255;255m  [48;2;211;216;217m [48;2;79;99;103m             [38;2;111;98;99;48;2;89;98;101m▄[38;2;253;95;85;48;2;133;97;97m▄[48;2;79;99;103m     [38;2;100;98;100;48;2;85;98;102m▄[38;2;253;95;85;48;2;133;97;97m▄▄[38;2;187;96;91;48;2;112;98;99m▄[48;2;79;99;103m [48;2;253;95;85m  [48;2;242;95;86m [48;2;79;99;103m [48;2;231;95;87m [48;2;253;95;85m  [48;2;79;99;103m   [48;2;253;95;85m  [38;2;209;96;89;48;2;239;95;86m▄[38;2;79;99;103;48;2;198;96;90m▄[48;2;79;99;103m [48;2;166;97;94m [48;2;253;95;85m   [48;2;220;95;88m [48;2;79;99;103m [38;2;253;95;85;48;2;133;97;97m▄[38;2;253;95;85;48;2;185;96;91m▄[48;2;253;95;85m  [48;2;133;97;97m [38;2;100;98;100;48;2;85;98;102m▄[38;2;253;95;85;48;2;133;97;97m▄[38;2;253;95;85;48;2;245;95;85m▄[48;2;253;95;85m      [38;2;253;95;85;48;2;148;97;95m▄[38;2;198;96;90;48;2;116;98;99m▄[48;2;79;99;103m [38;2;79;99;103;48;2;198;96;90m▄[38;2;176;96;92;48;2;229;95;87m▄[48;2;253;95;85m [48;2;79;99;103m  [38;2;122;98;98;48;2;92;98;101m▄[38;2;253;95;85;48;2;133;97;97m▄[48;2;79;99;103m    [38;2;211;216;217;48;2;120;135;138m▄[38;2;255;255;255;48;2;156;167;170m▄[48;2;255;255;255m  [48;2;178;186;188m [48;2;79;99;103m [38;2;255;255;255;48;2;134;147;150m▄[38;2;255;255;255;48;2;217;221;222m▄[48;2;255;255;255m  [38;2;255;255;255;48;2;134;147;150m▄[38;2;189;196;198;48;2;113;129;132m▄[48;2;79;99;103m  [48;2;200;206;207m [48;2;255;255;255m  [48;2;195;202;215m [48;2;191;198;213m [49m [m
[49m [48;2;191;199;213m  [48;2;255;255;255m  [48;2;211;216;217m [48;2;79;99;103m                      [48;2;242;95;86m [48;2;253;95;85m  [48;2;79;99;103m [48;2;187;96;91m [38;2;248;95;85;48;2;242;95;86m▄[38;2;187;96;91;48;2;79;99;103m▄[38;2;92;98;101;48;2;79;99;103m▄[38;2;99;98;100;48;2;133;97;97m▄[38;2;144;97;96;48;2;253;95;85m▄[48;2;79;99;103m [48;2;176;96;92m [48;2;253;95;85m [38;2;144;97;96;48;2;253;95;85m▄▄[38;2;155;97;95;48;2;209;96;89m▄[38;2;187;96;91;48;2;79;99;103m▄[48;2;253;95;85m    [38;2;171;96;93;48;2;253;95;85m▄[38;2;132;97;97;48;2;220;95;88m▄[48;2;79;99;103m [48;2;253;95;85m   [48;2;79;99;103m [38;2;153;97;95;48;2;79;99;103m▄[38;2;195;96;90;48;2;100;98;100m▄[48;2;253;95;85m  [38;2;212;95;89;48;2;253;95;85m▄[38;2;144;97;96;48;2;253;95;85m▄[48;2;79;99;103m [38;2;119;98;98;48;2;187;96;91m▄[38;2;151;97;95;48;2;253;95;85m▄[48;2;253;95;85m  [48;2;198;96;90m [48;2;79;99;103m  [38;2;115;98;99;48;2;176;96;92m▄[38;2;144;97;96;48;2;253;95;85m▄[48;2;253;95;85m [48;2;111;98;99m [38;2;95;98;101;48;2;122;98;98m▄[38;2;144;97;96;48;2;253;95;85m▄[48;2;253;95;85m [48;2;166;97;94m [48;2;79;99;103m      [38;2;127;141;144;48;2;79;99;103m▄[38;2;189;196;198;48;2;79;99;103m▄▄▄[38;2;175;184;186;48;2;79;99;103m▄[48;2;79;99;103m     [48;2;200;206;207m [48;2;255;255;255m  [48;2;195;202;215m [48;2;191;198;213m [49m [m
[49m [48;2;191;199;213m  [48;2;255;255;255m  [48;2;211;216;217m [48;2;79;99;103m                      [38;2;79;99;103;48;2;231;95;87m▄[38;2;144;97;96;48;2;246;95;85m▄[48;2;253;95;85m [48;2;79;99;103m [38;2;79;99;103;48;2;180;96;92m▄[38;2;89;98;101;48;2;242;95;86m▄[48;2;253;95;85m [38;2;253;95;85;48;2;110;98;99m▄[38;2;198;96;90;48;2;86;98;102m▄[48;2;79;99;103m  [38;2;79;99;103;48;2;170;96;93m▄[38;2;79;99;103;48;2;242;95;86m▄[48;2;79;99;103m  [48;2;122;98;98m [48;2;253;95;85m    [38;2;79;99;103;48;2;242;95;86m▄[38;2;79;99;103;48;2;119;98;98m▄[48;2;79;99;103m  [48;2;253;95;85m   [48;2;79;99;103m [48;2;198;96;90m [48;2;253;95;85m   [38;2;253;95;85;48;2;191;96;91m▄[38;2;253;95;85;48;2;89;98;101m▄[48;2;79;99;103m  [38;2;79;99;103;48;2;89;98;101m▄[38;2;79;99;103;48;2;242;95;86m▄[38;2;231;95;87;48;2;251;95;85m▄[38;2;253;95;85;48;2;202;96;90m▄[38;2;253;95;85;48;2;89;98;101m▄[48;2;79;99;103m   [48;2;253;95;85m [48;2;111;98;99m [48;2;79;99;103m  [38;2;79;99;103;48;2;242;95;86m▄[38;2;79;99;103;48;2;160;97;94m▄[48;2;79;99;103m     [38;2;255;255;255;48;2;90;108;112m▄[38;2;255;255;255;48;2;162;172;174m▄[48;2;255;255;255m [38;2;79;99;103;48;2;244;245;245m▄[38;2;200;206;207;48;2;251;251;252m▄[38;2;255;255;255;48;2;234;236;237m▄[38;2;255;255;255;48;2;90;108;112m▄[48;2;79;99;103m    [48;2;200;206;207m [48;2;255;255;255m  [48;2;195;202;215m [48;2;191;198;213m [49m [m
[49m [48;2;191;199;213m  [48;2;255;255;255m  [48;2;211;216;217m [48;2;79;99;103m                      [38;2;242;95;86;48;2;221;95;88m▄[38;2;232;95;87;48;2;239;95;86m▄[38;2;198;96;90;48;2;253;95;85m▄[48;2;79;99;103m  [38;2;79;99;103;48;2;80;98;102m▄[38;2;79;99;103;48;2;100;98;100m▄[38;2;183;96;92;48;2;233;95;86m▄[38;2;215;95;88;48;2;246;95;85m▄[38;2;253;95;85;48;2;231;95;87m▄[38;2;133;97;97;48;2;79;99;103m▄[38;2;102;98;100;48;2;79;99;103m▄[48;2;79;99;103m   [38;2;108;98;99;48;2;122;98;98m▄[38;2;198;96;90;48;2;253;95;85m▄[48;2;253;95;85m [38;2;166;97;94;48;2;176;96;92m▄[38;2;79;99;103;48;2;100;98;100m▄[48;2;79;99;103m  [38;2;89;98;101;48;2;79;99;103m▄[38;2;133;97;97;48;2;79;99;103m▄[38;2;79;99;103;48;2;100;98;100m▄[38;2;131;97;97;48;2;167;96;93m▄[38;2;198;96;90;48;2;253;95;85m▄[38;2;253;95;85;48;2;231;95;87m▄[38;2;133;97;97;48;2;141;97;96m▄[38;2;79;99;103;48;2;100;98;100m▄▄[38;2;242;95;86;48;2;243;95;85m▄[38;2;232;95;87;48;2;253;95;85m▄[38;2;198;96;90;48;2;253;95;85m▄[48;2;79;99;103m    [38;2;79;99;103;48;2;98;98;101m▄[38;2;116;98;99;48;2;148;97;95m▄[38;2;198;96;90;48;2;253;95;85m▄[48;2;79;99;103m   [38;2;79;99;103;48;2;100;98;100m▄[38;2;79;99;103;48;2;83;98;102m▄[48;2;79;99;103m       [38;2;112;128;131;48;2;107;124;127m▄[38;2;255;255;255;48;2;233;235;236m▄[48;2;255;255;255m [38;2;178;186;188;48;2;187;195;196m▄[38;2;79;99;103;48;2;101;118;122m▄[48;2;79;99;103m [38;2;79;99;103;48;2;94;112;116m▄[38;2;101;118;122;48;2;120;135;138m▄[48;2;255;255;255m [38;2;255;255;255;48;2;233;235;236m▄[38;2;189;196;198;48;2;175;184;186m▄[48;2;79;99;103m  [48;2;200;206;207m [48;2;255;255;255m  [48;2;195;202;215m [48;2;191;198;213m [49m [m
[49m [48;2;191;199;213m  [48;2;255;255;255m  [48;2;211;216;217m [48;2;79;99;103m                      [48;2;242;95;86m [48;2;187;96;91m [48;2;79;99;103m      [38;2;79;99;103;48;2;133;97;97m▄[38;2;79;99;103;48;2;253;95;85m▄[48;2;253;95;85m [48;2;155;97;95m [48;2;79;99;103m     [48;2;253;95;85m [48;2;166;97;94m [48;2;79;99;103m   [48;2;111;98;99m [48;2;253;95;85m [48;2;79;99;103m   [38;2;79;99;103;48;2;253;95;85m▄[38;2;79;99;103;48;2;133;97;97m▄[48;2;79;99;103m  [38;2;79;99;103;48;2;242;95;86m▄[38;2;79;99;103;48;2;187;96;91m▄[48;2;79;99;103m     [38;2;231;95;87;48;2;79;99;103m▄[38;2;198;96;90;48;2;79;99;103m▄[48;2;79;99;103m      [38;2;122;98;98;48;2;79;99;103m▄[38;2;253;95;85;48;2;79;99;103m▄[48;2;79;99;103m     [48;2;112;128;131m [48;2;255;255;255m  [48;2;178;186;188m [48;2;79;99;103m   [48;2;101;118;122m [48;2;255;255;255m  [48;2;189;196;198m [48;2;79;99;103m  [48;2;200;206;207m [48;2;255;255;255m  [48;2;195;202;215m [48;2;191;198;213m [49m [m
[49m [48;2;191;199;213m  [48;2;255;255;255m  [48;2;211;216;217m [48;2;79;99;103m                    [38;2;80;98;102;48;2;79;99;103m▄[38;2;89;98;101;48;2;79;99;103m▄[38;2;79;98;102;48;2;140;97;96m▄[38;2;79;99;103;48;2;119;98;98m▄[48;2;79;99;103m        [38;2;79;99;103;48;2;144;97;96m▄[38;2;79;99;103;48;2;107;98;100m▄[48;2;79;99;103m     [38;2;79;99;103;48;2;144;97;96m▄[38;2;79;99;103;48;2;111;98;99m▄[48;2;79;99;103m   [38;2;109;98;99;48;2;111;98;99m▄[38;2;242;95;86;48;2;253;95;85m▄[48;2;79;99;103m       [38;2;242;95;86;48;2;180;96;92m▄[38;2;187;96;91;48;2;146;97;95m▄[48;2;79;99;103m     [38;2;79;99;103;48;2;136;97;97m▄[38;2;79;99;103;48;2;123;97;98m▄[48;2;79;99;103m      [38;2;119;98;98;48;2;122;98;98m▄[38;2;242;95;86;48;2;253;95;85m▄[48;2;79;99;103m     [38;2;109;126;129;48;2;112;128;131m▄[38;2;244;245;245;48;2;255;255;255m▄[48;2;255;255;255m [38;2;182;191;192;48;2;178;186;188m▄[38;2;90;108;112;48;2;79;99;103m▄[48;2;79;99;103m [38;2;86;105;109;48;2;79;99;103m▄[38;2;110;127;130;48;2;101;118;122m▄[48;2;255;255;255m [38;2;244;245;245;48;2;255;255;255m▄[38;2;182;190;192;48;2;189;196;198m▄[48;2;79;99;103m  [48;2;200;206;207m [48;2;255;255;255m  [48;2;195;202;215m [48;2;191;198;213m [49m [m
[49m [48;2;191;199;213m  [48;2;255;255;255m  [48;2;211;216;217m [48;2;79;99;103m                    [38;2;81;98;102;48;2;100;98;100m▄[38;2;100;98;100;48;2;253;95;85m▄[38;2;80;98;102;48;2;89;98;101m▄[48;2;79;99;103m                 [38;2;155;97;95;48;2;79;99;103m▄[38;2;231;95;87;48;2;79;99;103m▄[48;2;79;99;103m    [38;2;231;95;87;48;2;79;99;103m▄[38;2;164;97;94;48;2;79;99;103m▄[48;2;79;99;103m     [48;2;242;95;86m [48;2;187;96;91m [48;2;79;99;103m                      [38;2;101;118;122;48;2;255;255;255m▄[38;2;168;178;180;48;2;255;255;255m▄[48;2;255;255;255m [38;2;233;235;236;48;2;79;99;103m▄[38;2;248;248;249;48;2;200;206;207m▄[38;2;235;237;238;48;2;255;255;255m▄[38;2;101;118;122;48;2;255;255;255m▄[48;2;79;99;103m    [48;2;200;206;207m [48;2;255;255;255m  [48;2;195;202;215m [48;2;191;198;213m [49m [m
[49m [48;2;191;199;213m  [48;2;255;255;255m  [48;2;211;216;217m [48;2;79;99;103m                                        [38;2;79;99;103;48;2;138;97;96m▄[38;2;79;99;103;48;2;198;96;90m▄[48;2;79;99;103m    [38;2;79;99;103;48;2;198;96;90m▄[38;2;79;99;103;48;2;146;97;96m▄[48;2;79;99;103m     [38;2;79;99;103;48;2;191;96;91m▄[38;2;79;99;103;48;2;153;97;95m▄[48;2;79;99;103m                       [38;2;79;99;103;48;2;131;145;148m▄[38;2;79;99;103;48;2;200;206;207m▄▄▄[38;2;79;99;103;48;2;184;192;194m▄[48;2;79;99;103m     [48;2;200;206;207m [48;2;255;255;255m  [48;2;195;202;215m [48;2;191;198;213m [49m [m
[49m [48;2;191;199;213m  [48;2;255;255;255m  [48;2;211;216;217m [48;2;79;99;103m                                                                             [38;2;189;196;198;48;2;79;99;103m▄[38;2;217;222;222;48;2;156;167;169m▄[48;2;255;255;255m [38;2;145;157;160;48;2;255;255;255m▄[38;2;220;224;225;48;2;255;255;255m▄[48;2;255;255;255m  [38;2;189;196;198;48;2;79;99;103m▄[38;2;147;159;162;48;2;79;99;103m▄[48;2;79;99;103m  [48;2;200;206;207m [48;2;255;255;255m  [48;2;195;202;215m [48;2;191;198;213m [49m [m
[49m [48;2;191;199;213m  [48;2;255;255;255m  [48;2;211;216;217m [48;2;79;99;103m                                                                             [48;2;255;255;255m   [48;2;79;99;103m [38;2;79;99;103;48;2;192;199;200m▄[38;2;101;118;122;48;2;245;246;246m▄[48;2;255;255;255m  [48;2;189;196;198m [48;2;79;99;103m  [48;2;200;206;207m [48;2;255;255;255m  [48;2;195;202;215m [48;2;191;198;213m [49m [m
[49m [48;2;191;199;213m  [48;2;255;255;255m  [48;2;211;216;217m [48;2;79;99;103m                                                                             [48;2;255;255;255m   [48;2;79;99;103m  [38;2;79;99;103;48;2;81;101;105m▄[38;2;79;99;103;48;2;101;118;122m▄▄[38;2;79;99;103;48;2;92;111;114m▄[48;2;79;99;103m  [48;2;200;206;207m [48;2;255;255;255m  [48;2;195;202;215m [48;2;191;198;213m [49m [m
[49m [48;2;191;199;213m  [48;2;255;255;255m  [48;2;211;216;217m [48;2;79;99;103m                                                                             [48;2;255;255;255m   [48;2;79;99;103m        [48;2;200;206;207m [48;2;255;255;255m  [48;2;195;202;215m [48;2;191;198;213m [49m [m
[49m [48;2;191;199;213m  [48;2;255;255;255m  [48;2;211;216;217m [48;2;79;99;103m                                                                           [38;2;112;128;131;48;2;99;117;120m▄[38;2;255;255;255;48;2;189;196;198m▄[48;2;255;255;255m   [38;2;255;255;255;48;2;189;196;198m▄[38;2;247;248;248;48;2;189;196;198m▄[38;2;223;226;227;48;2;175;184;186m▄[48;2;79;99;103m     [48;2;200;206;207m [48;2;255;255;255m  [48;2;195;202;215m [48;2;191;198;213m [49m [m
[49m [48;2;191;199;213m  [48;2;255;255;255m  [48;2;211;216;217m [48;2;79;99;103m                                                                           [38;2;83;102;106;48;2;112;128;131m▄[38;2;101;118;122;48;2;255;255;255m▄▄▄▄▄[38;2;85;105;108;48;2;134;147;150m▄[48;2;79;99;103m      [48;2;200;206;207m [48;2;255;255;255m  [48;2;195;202;215m [48;2;191;198;213m [49m [m
[49m [48;2;191;199;213m  [48;2;255;255;255m  [48;2;211;216;217m [48;2;79;99;103m                                                                                        [48;2;200;206;207m [48;2;255;255;255m  [48;2;195;202;215m [48;2;191;198;213m [49m [m
[49m [38;2;190;199;212;48;2;191;199;213m▄[38;2;191;199;212;48;2;191;199;213m▄[38;2;215;220;228;48;2;255;255;255m▄[38;2;250;250;251;48;2;255;255;255m▄[48;2;255;255;255m  [38;2;189;196;198;48;2;79;99;103m▄▄▄▄▄▄▄▄▄▄▄▄▄▄▄▄▄▄▄▄▄▄▄▄▄▄▄▄▄▄▄▄▄▄▄▄▄▄▄▄▄▄▄▄▄▄▄▄▄▄▄▄▄▄▄▄▄▄▄▄▄▄▄▄▄▄▄▄▄▄▄▄▄▄▄▄▄▄▄▄▄▄▄▄▄▄[48;2;255;255;255m  [38;2;252;252;253;48;2;255;255;255m▄[38;2;215;220;228;48;2;255;255;255m▄[38;2;194;202;216;48;2;195;202;215m▄[38;2;192;200;212;48;2;191;198;213m▄[49m [m
[49m   [48;2;191;199;213m [38;2;191;199;213;48;2;243;244;247m▄[38;2;207;213;223;48;2;252;252;253m▄[48;2;255;255;255m                                                                                        [38;2;211;216;226;48;2;252;252;253m▄[38;2;191;199;213;48;2;247;248;249m▄[48;2;191;199;213m [48;2;187;204;221m [49m  [m
[49m   [49;38;2;189;197;214m▀▀[38;2;190;202;213;48;2;196;205;217m▄[38;2;191;198;213;48;2;199;206;218m▄▄▄▄▄▄▄▄▄▄▄▄▄▄▄▄▄▄▄▄▄▄▄▄▄▄▄▄▄▄▄▄▄▄▄▄▄▄▄▄▄▄▄▄▄▄▄▄▄▄▄▄▄▄▄▄▄▄▄▄▄▄▄▄▄▄▄▄▄▄▄▄▄▄▄▄▄▄▄▄▄▄▄▄▄▄▄▄[38;2;194;198;212;48;2;197;205;217m▄[49;38;2;189;197;214m▀▀[49m   [m
[49m                                                                                                    [m